   1 A C   0.455  0.190  0.354
   2 Q C   0.522  0.130  0.349
   3 S E   0.433  0.124  0.443
   4 V C   0.503  0.133  0.364
   5 P C   0.650  0.142  0.208
   6 W C   0.659  0.138  0.204
   7 G C   0.570  0.169  0.260
   8 I C   0.543  0.206  0.251
   9 S C   0.452  0.237  0.311
  10 R E   0.368  0.255  0.378
  11 V C   0.450  0.166  0.384
  12 Q C   0.549  0.145  0.306
  13 A C   0.608  0.148  0.244
  14 P C   0.497  0.228  0.275
  15 A C   0.503  0.265  0.232
  16 A C   0.438  0.267  0.295
  17 H C   0.382  0.238  0.379
  18 N E   0.329  0.231  0.440
  19 R C   0.392  0.273  0.335
  20 G C   0.567  0.189  0.244
  21 L C   0.658  0.136  0.206
  22 T C   0.676  0.129  0.195
  23 G C   0.559  0.148  0.293
  24 S C   0.492  0.197  0.311
  25 G E   0.400  0.173  0.427
  26 V E   0.256  0.141  0.603
  27 K E   0.115  0.172  0.713
  28 V E   0.102  0.168  0.731
  29 A E   0.128  0.163  0.709
  30 V E   0.183  0.110  0.707
  31 L E   0.218  0.119  0.663
  32 D E   0.295  0.105  0.600
  33 T E   0.359  0.105  0.536
  34 G C   0.473  0.123  0.405
  35 I C   0.493  0.126  0.382
  36 S C   0.474  0.114  0.412
  37 T C   0.536  0.111  0.353
  38 H C   0.501  0.118  0.382
  39 P C   0.512  0.194  0.293
  40 D C   0.607  0.182  0.210
  41 L C   0.485  0.205  0.310
  42 N C   0.458  0.148  0.394
  43 I C   0.433  0.156  0.411
  44 R E   0.421  0.130  0.449
  45 G E   0.413  0.109  0.478
  46 G E   0.417  0.098  0.485
  47 A E   0.276  0.102  0.622
  48 S E   0.358  0.081  0.561
  49 F E   0.377  0.083  0.540
  50 V E   0.409  0.101  0.490
  51 P C   0.598  0.096  0.306
  52 G C   0.687  0.105  0.208
  53 E C   0.705  0.107  0.188
  54 P C   0.705  0.117  0.178
  55 S C   0.636  0.112  0.252
  56 T C   0.558  0.122  0.320
  57 Q C   0.545  0.120  0.335
  58 D C   0.696  0.111  0.193
  59 G C   0.685  0.120  0.195
  60 N C   0.716  0.102  0.182
  61 G C   0.646  0.112  0.241
  62 H C   0.620  0.113  0.267
  63 G C   0.504  0.127  0.369
  64 T E   0.335  0.141  0.524
  65 H E   0.191  0.157  0.651
  66 V E   0.145  0.178  0.677
  67 A E   0.129  0.212  0.659
  68 G E   0.142  0.210  0.648
  69 T E   0.099  0.276  0.624
  70 I E   0.093  0.317  0.590
  71 A E   0.153  0.351  0.495
  72 A H   0.237  0.410  0.352
  73 L H   0.324  0.389  0.287
  74 N C   0.527  0.272  0.202
  75 N C   0.541  0.239  0.220
  76 S C   0.530  0.220  0.250
  77 I C   0.428  0.270  0.303
  78 G E   0.324  0.277  0.399
  79 V E   0.199  0.297  0.504
  80 L E   0.144  0.244  0.611
  81 G E   0.255  0.180  0.565
  82 V E   0.259  0.245  0.496
  83 A E   0.355  0.264  0.381
  84 P H   0.331  0.351  0.318
  85 S H   0.338  0.368  0.294
  86 A E   0.251  0.363  0.385
  87 E E   0.243  0.274  0.483
  88 L E   0.214  0.312  0.474
  89 Y E   0.141  0.229  0.630
  90 A E   0.178  0.254  0.568
  91 V E   0.138  0.267  0.595
  92 K E   0.121  0.248  0.631
  93 V E   0.187  0.249  0.565
  94 L E   0.316  0.248  0.437
  95 G C   0.553  0.171  0.276
  96 A C   0.644  0.161  0.195
  97 S C   0.724  0.138  0.138
  98 G C   0.669  0.143  0.188
  99 S C   0.679  0.130  0.192
 100 G C   0.610  0.153  0.237
 101 S C   0.453  0.237  0.311
 102 V H   0.265  0.373  0.361
 103 S H   0.177  0.450  0.373
 104 S H   0.141  0.452  0.406
 105 I H   0.153  0.546  0.301
 106 A H   0.159  0.503  0.339
 107 Q H   0.182  0.447  0.371
 108 G H   0.362  0.376  0.262
 109 L H   0.261  0.399  0.341
 110 E E   0.226  0.355  0.420
 111 W E   0.323  0.300  0.377
 112 A E   0.292  0.309  0.399
 113 G C   0.422  0.308  0.270
 114 N C   0.581  0.235  0.184
 115 N C   0.696  0.186  0.118
 116 G C   0.602  0.218  0.180
 117 M C   0.450  0.283  0.266
 118 H E   0.299  0.255  0.446
 119 V E   0.207  0.269  0.524
 120 A E   0.297  0.223  0.480
 121 N C   0.432  0.154  0.414
 122 L E   0.372  0.155  0.473
 123 S C   0.471  0.125  0.404
 124 L C   0.651  0.095  0.254
 125 G C   0.727  0.098  0.175
 126 S C   0.748  0.106  0.146
 127 P C   0.748  0.109  0.143
 128 S C   0.730  0.132  0.138
 129 P C   0.717  0.136  0.147
 130 S C   0.578  0.186  0.236
 131 A C   0.388  0.320  0.291
 132 T H   0.250  0.427  0.323
 133 L H   0.213  0.469  0.317
 134 E H   0.177  0.555  0.268
 135 Q H   0.222  0.536  0.242
 136 A H   0.189  0.562  0.249
 137 V H   0.184  0.547  0.269
 138 N H   0.224  0.549  0.227
 139 S H   0.257  0.489  0.254
 140 A H   0.225  0.509  0.265
 141 T H   0.222  0.490  0.289
 142 S H   0.343  0.357  0.300
 143 R C   0.444  0.327  0.229
 144 G C   0.518  0.260  0.222
 145 V E   0.281  0.253  0.465
 146 L E   0.135  0.228  0.637
 147 V E   0.114  0.210  0.676
 148 V E   0.110  0.225  0.665
 149 A E   0.140  0.194  0.666
 150 A E   0.246  0.185  0.569
 151 S C   0.489  0.167  0.343
 152 G C   0.641  0.169  0.190
 153 N C   0.716  0.137  0.148
 154 S C   0.711  0.142  0.147
 155 G C   0.740  0.117  0.143
 156 A C   0.728  0.128  0.144
 157 G C   0.725  0.136  0.139
 158 S C   0.637  0.156  0.207
 159 I C   0.634  0.121  0.244
 160 S C   0.621  0.110  0.270
 161 Y C   0.663  0.121  0.216
 162 P C   0.626  0.180  0.193
 163 A C   0.582  0.211  0.207
 164 R C   0.539  0.190  0.271
 165 Y C   0.520  0.239  0.241
 166 A C   0.451  0.291  0.258
 167 N C   0.357  0.296  0.348
 168 A E   0.296  0.259  0.445
 169 M E   0.207  0.187  0.605
 170 A E   0.165  0.192  0.643
 171 V E   0.169  0.173  0.658
 172 G E   0.244  0.172  0.584
 173 A E   0.317  0.232  0.450
 174 T C   0.455  0.166  0.379
 175 D C   0.527  0.179  0.294
 176 Q C   0.556  0.244  0.200
 177 N C   0.537  0.235  0.227
 178 N C   0.631  0.193  0.176
 179 N C   0.590  0.205  0.205
 180 R C   0.478  0.219  0.303
 181 A C   0.503  0.208  0.289
 182 S C   0.532  0.166  0.302
 183 F C   0.553  0.168  0.279
 184 S C   0.524  0.147  0.329
 185 Q C   0.592  0.129  0.280
 186 Y C   0.573  0.143  0.284
 187 G C   0.637  0.125  0.238
 188 A C   0.566  0.173  0.261
 189 G C   0.483  0.172  0.345
 190 L E   0.273  0.176  0.551
 191 D E   0.302  0.169  0.529
 192 I E   0.293  0.145  0.562
 193 V E   0.280  0.131  0.589
 194 A C   0.521  0.137  0.342
 195 P C   0.632  0.121  0.247
 196 G C   0.581  0.166  0.253
 197 V C   0.424  0.156  0.420
 198 N E   0.367  0.210  0.423
 199 V E   0.261  0.199  0.541
 200 Q E   0.194  0.197  0.609
 201 S E   0.363  0.167  0.470
 202 T C   0.472  0.157  0.371
 203 Y C   0.543  0.157  0.300
 204 P C   0.656  0.180  0.164
 205 G C   0.722  0.164  0.115
 206 S C   0.707  0.157  0.136
 207 T C   0.538  0.240  0.222
 208 Y C   0.443  0.307  0.249
 209 A E   0.265  0.285  0.450
 210 S C   0.398  0.235  0.367
 211 L C   0.403  0.210  0.387
 212 N C   0.615  0.161  0.224
 213 G C   0.624  0.166  0.211
 214 T C   0.544  0.191  0.265
 215 S C   0.549  0.175  0.275
 216 M C   0.549  0.188  0.263
 217 A C   0.532  0.190  0.278
 218 T C   0.607  0.194  0.199
 219 P C   0.398  0.392  0.211
 220 H H   0.275  0.467  0.258
 221 V H   0.130  0.470  0.400
 222 A H   0.114  0.511  0.376
 223 G H   0.132  0.550  0.318
 224 A H   0.085  0.512  0.403
 225 A H   0.069  0.544  0.387
 226 A H   0.124  0.497  0.379
 227 L H   0.138  0.460  0.401
 228 V H   0.134  0.484  0.382
 229 K H   0.173  0.555  0.272
 230 Q H   0.379  0.395  0.225
 231 K C   0.590  0.216  0.194
 232 N C   0.685  0.153  0.162
 233 P C   0.678  0.166  0.156
 234 S C   0.705  0.144  0.151
 235 W C   0.615  0.158  0.227
 236 S C   0.598  0.179  0.224
 237 N C   0.390  0.387  0.223
 238 V H   0.233  0.488  0.279
 239 Q H   0.293  0.469  0.237
 240 I H   0.144  0.487  0.368
 241 R H   0.108  0.496  0.397
 242 N H   0.105  0.490  0.405
 243 H E   0.105  0.359  0.536
 244 L E   0.159  0.264  0.577
 245 K E   0.201  0.238  0.561
 246 N E   0.342  0.194  0.464
 247 T C   0.440  0.166  0.394
 248 A E   0.396  0.158  0.446
 249 T C   0.507  0.124  0.369
 250 S C   0.544  0.118  0.338
 251 L C   0.604  0.125  0.271
 252 G C   0.634  0.121  0.245
 253 S C   0.635  0.127  0.238
 254 T C   0.675  0.126  0.199
 255 N C   0.533  0.138  0.329
 256 L C   0.455  0.146  0.399
 257 Y C   0.449  0.163  0.389
 258 G C   0.511  0.158  0.331
 259 S C   0.492  0.167  0.341
 260 G E   0.413  0.146  0.441
 261 L E   0.245  0.197  0.557
 262 V E   0.244  0.210  0.547
 263 N E   0.281  0.303  0.416
 264 A H   0.223  0.473  0.304
 265 E H   0.177  0.557  0.265
 266 A H   0.238  0.525  0.237
 267 A H   0.273  0.443  0.284
 268 T E   0.315  0.342  0.343
 269 R C   0.372  0.321  0.307
