# MISTIC
# http://mistic.leloir.org.ar
# "Mistic: Mutual Information Server to Infer Coevolution". Franco L Simonetti, Elin Teppa, Ariel Chernomoretz, Morten Nielsen, Cristina Marino Buslje. Nucleic Acids Research 2013; doi: 10.1093/nar/gkt427
# Fri Jul 11 07:36:08 2014
# -pf      1                    Print amino acid frequencies
# -cons    1                    Type of conservation measure [0] Shannon, [1] Kullback [2] Max freq
# -i       0.620000             Percent id for clustering
# -fsa     1                    Input is fasta format
# # Number of gaps allowed 67
# Alphabet                 A      R      N      D      C      Q      E      G      H      I      L      K      M      F      P      S      T      W      Y      V
1 V 0.1145 AAfreq 0.0726 0.0476 0.0422 0.0632 0.0090 0.0269 0.0509 0.0693 0.0203 0.0579 0.1594 0.0439 0.0160 0.0499 0.0987 0.0625 0.0324 0.0024 0.0147 0.0599
2 S 0.1156 AAfreq 0.0668 0.0735 0.0365 0.0477 0.0091 0.0275 0.0507 0.0744 0.0182 0.0853 0.1496 0.0496 0.0084 0.0534 0.0905 0.0594 0.0376 0.0066 0.0117 0.0436
3 Q 1.0321 AAfreq 0.0494 0.0360 0.0259 0.0664 0.0009 0.0576 0.1577 0.0462 0.0118 0.0022 0.0034 0.2342 0.0012 0.0014 0.1606 0.1222 0.0171 0.0004 0.0014 0.0041
4 D 1.0133 AAfreq 0.0564 0.0155 0.1212 0.1192 0.0017 0.0218 0.0414 0.3760 0.0160 0.0081 0.0056 0.0529 0.0021 0.0012 0.0710 0.0371 0.0410 0.0003 0.0020 0.0094
5 D 0.3527 AAfreq 0.0720 0.0221 0.0243 0.1058 0.0256 0.0566 0.0926 0.0277 0.0128 0.0558 0.1004 0.1678 0.0665 0.0073 0.0112 0.0728 0.0321 0.0040 0.0141 0.0284
6 I 0.7946 AAfreq 0.0228 0.2193 0.0531 0.0287 0.0038 0.0351 0.0231 0.0035 0.0386 0.0376 0.0152 0.1523 0.0043 0.0026 0.0083 0.1072 0.1499 0.0011 0.0117 0.0818
7 V 1.7345 AAfreq 0.0319 0.0011 0.0011 0.0009 0.0084 0.0011 0.0011 0.0023 0.0034 0.3129 0.1054 0.0014 0.0152 0.0225 0.0008 0.0027 0.0073 0.0053 0.0100 0.4649
8 Y 1.7972 AAfreq 0.0595 0.0013 0.0011 0.0009 0.0163 0.0009 0.0017 0.0029 0.0018 0.0674 0.6982 0.0014 0.0174 0.0161 0.0008 0.0037 0.0052 0.0044 0.0210 0.0781
9 D 3.0657 AAfreq 0.0030 0.0017 0.0087 0.8002 0.0004 0.0047 0.1291 0.0023 0.0160 0.0081 0.0030 0.0025 0.0037 0.0011 0.0012 0.0056 0.0021 0.0002 0.0007 0.0056
10 L 1.3005 AAfreq 0.0696 0.0012 0.0035 0.0009 0.0096 0.0010 0.0011 0.0014 0.0008 0.2326 0.3636 0.0014 0.0206 0.0378 0.0076 0.0032 0.0030 0.0025 0.0141 0.2246
11 G 2.6618 AAfreq 0.0778 0.0012 0.0040 0.0025 0.0396 0.0118 0.0022 0.8160 0.0013 0.0012 0.0028 0.0018 0.0016 0.0078 0.0054 0.0061 0.0024 0.0003 0.0124 0.0018
12 C 3.1417 AAfreq 0.0613 0.0011 0.0012 0.0015 0.6643 0.0009 0.0015 0.0222 0.0005 0.0044 0.0043 0.0015 0.0019 0.0040 0.0079 0.0936 0.1172 0.0005 0.0007 0.0095
13 G 2.9730 AAfreq 0.0247 0.0036 0.0182 0.0021 0.0015 0.0015 0.0022 0.8919 0.0141 0.0010 0.0028 0.0018 0.0012 0.0011 0.0010 0.0240 0.0029 0.0003 0.0027 0.0015
14 D 0.7448 AAfreq 0.0601 0.0180 0.0627 0.0436 0.0064 0.0189 0.0578 0.0440 0.0103 0.0256 0.0234 0.0206 0.0102 0.0228 0.0797 0.1251 0.3151 0.0027 0.0223 0.0306
15 G 3.1582 AAfreq 0.0294 0.0021 0.0025 0.0020 0.0030 0.0013 0.0014 0.9218 0.0007 0.0010 0.0018 0.0018 0.0012 0.0027 0.0010 0.0218 0.0019 0.0003 0.0006 0.0019
16 R 0.1145 AAfreq 0.1007 0.0890 0.0454 0.0400 0.0184 0.0295 0.0432 0.0458 0.0339 0.0844 0.0751 0.0326 0.0152 0.0657 0.0147 0.0496 0.0695 0.0096 0.0747 0.0632
17 I 0.4668 AAfreq 0.0347 0.0039 0.0399 0.0715 0.0048 0.0192 0.0126 0.0182 0.0319 0.1718 0.2269 0.0073 0.0266 0.0942 0.0141 0.0399 0.0435 0.0107 0.0672 0.0610
18 I 0.9375 AAfreq 0.1826 0.0018 0.0025 0.0063 0.0470 0.0018 0.0065 0.0588 0.0015 0.0461 0.1372 0.0029 0.0043 0.0085 0.0228 0.1853 0.2308 0.0016 0.0041 0.0477
19 I 0.3699 AAfreq 0.0459 0.0664 0.0233 0.0151 0.0118 0.0328 0.0566 0.0132 0.0172 0.1443 0.2436 0.0342 0.0394 0.0928 0.0114 0.0299 0.0167 0.0022 0.0375 0.0656
20 T 0.1385 AAfreq 0.1237 0.0528 0.0296 0.0351 0.0068 0.0476 0.0865 0.0251 0.0249 0.0487 0.1012 0.0487 0.0269 0.0675 0.0676 0.0747 0.0402 0.0085 0.0454 0.0382
21 A 1.2547 AAfreq 0.1273 0.0013 0.0030 0.0015 0.0171 0.0040 0.0024 0.0068 0.0035 0.1343 0.4842 0.0020 0.0645 0.0666 0.0019 0.0100 0.0079 0.0127 0.0085 0.0406
22 A 1.2678 AAfreq 0.5494 0.0270 0.0149 0.0084 0.0075 0.0218 0.0159 0.0226 0.0165 0.0203 0.0665 0.0387 0.0062 0.0108 0.0037 0.0925 0.0143 0.0014 0.0346 0.0270
23 K 0.6090 AAfreq 0.0511 0.1553 0.0300 0.0175 0.0051 0.0809 0.1270 0.0090 0.0262 0.0344 0.1152 0.1969 0.0285 0.0058 0.0046 0.0391 0.0257 0.0025 0.0278 0.0174
24 D 0.3816 AAfreq 0.1398 0.0428 0.0240 0.0088 0.0111 0.0400 0.0558 0.0266 0.0232 0.0542 0.1927 0.0335 0.0249 0.0257 0.0018 0.0216 0.0312 0.0046 0.0354 0.2025
25 F 0.5226 AAfreq 0.0420 0.0670 0.0891 0.0185 0.0228 0.0161 0.0116 0.2854 0.0187 0.0229 0.0797 0.0188 0.0096 0.0928 0.0330 0.0334 0.0144 0.0166 0.0686 0.0391
26 N 1.0306 AAfreq 0.0538 0.0284 0.0318 0.0474 0.0030 0.0332 0.0727 0.0319 0.0202 0.0183 0.0132 0.0728 0.0126 0.0419 0.3741 0.0762 0.0478 0.0018 0.0106 0.0085
27 V 0.4971 AAfreq 0.1030 0.0362 0.1058 0.0873 0.0076 0.0534 0.0708 0.2369 0.0263 0.0083 0.0140 0.0631 0.0039 0.0166 0.0227 0.0596 0.0474 0.0016 0.0126 0.0231
28 K 0.5507 AAfreq 0.2383 0.0238 0.0184 0.0094 0.0479 0.0089 0.0160 0.2084 0.0313 0.0330 0.0348 0.0802 0.0093 0.0299 0.0041 0.0826 0.0267 0.0143 0.0380 0.0449
29 K 0.8014 AAfreq 0.0200 0.1196 0.0531 0.0602 0.0048 0.1244 0.1425 0.0042 0.0850 0.0102 0.0178 0.1734 0.0066 0.0108 0.0079 0.0616 0.0668 0.0024 0.0140 0.0147
30 A 1.4115 AAfreq 0.0487 0.0020 0.0009 0.0010 0.0138 0.0011 0.0012 0.0196 0.0014 0.1861 0.0932 0.0016 0.0117 0.0591 0.0019 0.0100 0.0143 0.0027 0.0506 0.4790
31 V 1.0304 AAfreq 0.0119 0.0067 0.0024 0.0158 0.0083 0.0048 0.0123 0.0021 0.0372 0.1922 0.0859 0.0098 0.0139 0.0310 0.0010 0.0191 0.2457 0.0078 0.1005 0.1917
32 G 2.0699 AAfreq 0.2120 0.0015 0.0100 0.0019 0.0247 0.0010 0.0015 0.6441 0.0017 0.0052 0.0369 0.0018 0.0091 0.0052 0.0013 0.0236 0.0044 0.0003 0.0025 0.0113
33 V 1.3154 AAfreq 0.0177 0.0040 0.0055 0.0010 0.0228 0.0043 0.0021 0.0042 0.0008 0.3312 0.1452 0.0016 0.0187 0.0422 0.0011 0.0188 0.0420 0.0016 0.0125 0.3226
34 E 3.4300 AAfreq 0.0022 0.0016 0.0072 0.8721 0.0004 0.0019 0.0944 0.0027 0.0012 0.0011 0.0015 0.0027 0.0005 0.0008 0.0012 0.0032 0.0031 0.0002 0.0006 0.0015
35 I 0.5877 AAfreq 0.0504 0.0302 0.0457 0.0036 0.0201 0.0162 0.0043 0.0195 0.0055 0.2723 0.1542 0.0187 0.0580 0.0812 0.0232 0.0403 0.0170 0.0022 0.0640 0.0732
36 N 1.5198 AAfreq 0.0625 0.0100 0.0818 0.0669 0.0087 0.0355 0.0199 0.0133 0.0157 0.0115 0.0197 0.0098 0.0047 0.0085 0.0019 0.5365 0.0596 0.0024 0.0038 0.0276
37 D 0.9182 AAfreq 0.1058 0.0324 0.0186 0.0728 0.0020 0.0548 0.2337 0.0241 0.0101 0.0099 0.0176 0.1048 0.0036 0.0056 0.1994 0.0690 0.0198 0.0010 0.0052 0.0098
38 E 0.4979 AAfreq 0.0937 0.0430 0.0611 0.1141 0.0025 0.0335 0.2188 0.0743 0.0124 0.0164 0.0139 0.0891 0.0082 0.0101 0.0363 0.0774 0.0429 0.0019 0.0130 0.0374
39 R 1.3880 AAfreq 0.2481 0.0145 0.0214 0.0024 0.0077 0.0391 0.0039 0.0189 0.0119 0.0389 0.0678 0.0113 0.3354 0.0337 0.0074 0.0823 0.0131 0.0009 0.0109 0.0305
40 I 1.6160 AAfreq 0.0185 0.0027 0.0013 0.0009 0.0120 0.0033 0.0018 0.0020 0.0018 0.3699 0.3493 0.0047 0.0065 0.0054 0.0010 0.0027 0.0074 0.0008 0.0078 0.2000
41 R 0.9000 AAfreq 0.1452 0.0581 0.0514 0.1110 0.0018 0.0708 0.2792 0.0181 0.0117 0.0069 0.0147 0.1146 0.0042 0.0031 0.0037 0.0591 0.0284 0.0010 0.0042 0.0128
42 E 0.2684 AAfreq 0.0585 0.0837 0.0176 0.0253 0.0110 0.0659 0.0527 0.0110 0.0306 0.0866 0.1350 0.0931 0.0263 0.0502 0.0025 0.0236 0.0350 0.0044 0.0767 0.1103
43 A 1.9464 AAfreq 0.7044 0.0024 0.0103 0.0022 0.0204 0.0040 0.0027 0.0385 0.0030 0.0197 0.0733 0.0021 0.0157 0.0103 0.0025 0.0342 0.0213 0.0003 0.0043 0.0284
44 L 1.0364 AAfreq 0.0596 0.2734 0.0766 0.0125 0.0039 0.0979 0.0724 0.0136 0.0126 0.0200 0.0189 0.2283 0.0108 0.0025 0.0066 0.0388 0.0353 0.0009 0.0031 0.0122
45 A 0.6993 AAfreq 0.0968 0.1098 0.0405 0.0358 0.0028 0.0996 0.2034 0.0216 0.0210 0.0206 0.0319 0.1762 0.0068 0.0092 0.0021 0.0616 0.0331 0.0029 0.0083 0.0158
46 N 0.7549 AAfreq 0.0306 0.1683 0.2411 0.0182 0.0039 0.0234 0.0345 0.0059 0.0499 0.0769 0.0984 0.1158 0.0106 0.0123 0.0015 0.0268 0.0299 0.0021 0.0140 0.0361
47 I 0.9711 AAfreq 0.4512 0.0281 0.0125 0.0052 0.0244 0.0109 0.0070 0.0084 0.0040 0.0897 0.0792 0.0350 0.0202 0.0485 0.0023 0.0398 0.0307 0.0030 0.0081 0.0920
48 E 0.6991 AAfreq 0.1444 0.0962 0.0338 0.0490 0.0031 0.1026 0.1876 0.0196 0.0093 0.0165 0.0323 0.1761 0.0053 0.0041 0.0111 0.0479 0.0293 0.0016 0.0088 0.0212
49 K 0.5042 AAfreq 0.1060 0.1023 0.0682 0.0584 0.0102 0.0657 0.1479 0.0218 0.0367 0.0162 0.0447 0.1676 0.0049 0.0090 0.0086 0.0635 0.0320 0.0013 0.0208 0.0143
50 N 0.3935 AAfreq 0.1152 0.0550 0.1659 0.0219 0.0119 0.0456 0.0662 0.0218 0.0457 0.0203 0.1655 0.0602 0.0174 0.0385 0.0113 0.0552 0.0254 0.0030 0.0440 0.0101
51 G 1.0800 AAfreq 0.0316 0.0273 0.0916 0.0487 0.0049 0.0443 0.0420 0.4552 0.0309 0.0087 0.0153 0.0931 0.0019 0.0080 0.0341 0.0335 0.0095 0.0024 0.0096 0.0074
52 V 0.6002 AAfreq 0.0523 0.0116 0.0143 0.0099 0.0112 0.0091 0.0086 0.0115 0.0130 0.1350 0.3012 0.0166 0.0260 0.0772 0.0215 0.0419 0.0202 0.0134 0.0958 0.1097
53 T 0.5983 AAfreq 0.0698 0.0280 0.0491 0.1365 0.0035 0.0443 0.1158 0.0381 0.0145 0.0099 0.0176 0.1158 0.0029 0.0103 0.1095 0.1182 0.1009 0.0009 0.0039 0.0107
54 G 0.5522 AAfreq 0.0581 0.0346 0.0847 0.2259 0.0075 0.0277 0.0965 0.0902 0.0603 0.0108 0.0276 0.0566 0.0043 0.0082 0.0476 0.0969 0.0256 0.0010 0.0139 0.0222
55 R 1.5995 AAfreq 0.0202 0.1075 0.5140 0.0335 0.0042 0.0520 0.0325 0.0316 0.0194 0.0078 0.0125 0.0636 0.0016 0.0055 0.0107 0.0263 0.0241 0.0018 0.0044 0.0268
56 A 1.2058 AAfreq 0.1057 0.0022 0.0048 0.0020 0.0428 0.0019 0.0026 0.0092 0.0015 0.2579 0.1024 0.0028 0.0252 0.0139 0.0051 0.0104 0.0346 0.0035 0.0121 0.3593
57 S 0.7405 AAfreq 0.0268 0.0982 0.0450 0.0543 0.0045 0.0670 0.2016 0.0074 0.0464 0.0152 0.0159 0.1116 0.0042 0.0094 0.0046 0.1002 0.1497 0.0016 0.0099 0.0263
58 I 1.7465 AAfreq 0.0293 0.0016 0.0012 0.0026 0.0118 0.0014 0.0016 0.0099 0.0024 0.0668 0.1040 0.0026 0.0066 0.5251 0.0154 0.0077 0.0329 0.0270 0.0799 0.0701
59 V 0.4629 AAfreq 0.0347 0.0745 0.0043 0.0157 0.0250 0.0507 0.0874 0.0068 0.0424 0.2070 0.1263 0.0470 0.0151 0.0393 0.0012 0.0274 0.0146 0.0038 0.0448 0.1321
60 K 0.6391 AAfreq 0.0569 0.0468 0.0453 0.0079 0.0756 0.1552 0.0849 0.0036 0.0709 0.0295 0.0841 0.0820 0.0058 0.0049 0.0074 0.0173 0.0320 0.0013 0.0142 0.1742
61 G 0.7895 AAfreq 0.1942 0.0230 0.0104 0.0281 0.0297 0.0442 0.0315 0.3285 0.0165 0.0140 0.0448 0.0268 0.0433 0.0057 0.0014 0.1032 0.0208 0.0034 0.0053 0.0253
62 N 1.6318 AAfreq 0.0261 0.0264 0.0983 0.5215 0.0032 0.0087 0.0395 0.0105 0.0046 0.0029 0.0094 0.0485 0.0033 0.0054 0.0232 0.1182 0.0334 0.0008 0.0123 0.0040
63 F 0.8800 AAfreq 0.2051 0.0026 0.0038 0.0050 0.0106 0.0015 0.0105 0.0189 0.0017 0.2276 0.1236 0.0026 0.0635 0.0702 0.0094 0.0283 0.0108 0.0613 0.0121 0.1309
64 F 0.4167 AAfreq 0.0562 0.0568 0.0291 0.0410 0.0140 0.0557 0.2037 0.0194 0.0301 0.0115 0.1271 0.0333 0.0178 0.0912 0.0147 0.0550 0.0833 0.0028 0.0420 0.0153
65 E 0.8519 AAfreq 0.0711 0.0424 0.1067 0.2102 0.0046 0.0536 0.1831 0.0166 0.0277 0.0050 0.0101 0.0794 0.0028 0.0034 0.0030 0.1096 0.0528 0.0008 0.0077 0.0093
66 V 0.7697 AAfreq 0.0522 0.0030 0.0092 0.0089 0.0073 0.0070 0.0179 0.0090 0.0071 0.1430 0.3822 0.0134 0.0470 0.0787 0.0302 0.0121 0.0316 0.0230 0.0281 0.0892
67 D 0.8774 AAfreq 0.0469 0.0330 0.0575 0.1303 0.0012 0.0391 0.1169 0.0447 0.0133 0.0086 0.0137 0.0717 0.0017 0.0034 0.2640 0.0841 0.0478 0.0013 0.0056 0.0151
68 I 1.1724 AAfreq 0.0236 0.0032 0.0022 0.0023 0.0016 0.0043 0.0161 0.0061 0.0022 0.1138 0.3380 0.0140 0.0092 0.2509 0.0076 0.0117 0.0102 0.0196 0.0872 0.0762
69 S 0.8085 AAfreq 0.0915 0.0284 0.0618 0.0811 0.0035 0.0526 0.1919 0.0613 0.0147 0.0082 0.0084 0.0788 0.0033 0.0027 0.2060 0.0597 0.0276 0.0020 0.0051 0.0113
70 E 0.6635 AAfreq 0.0378 0.0700 0.0235 0.0269 0.0098 0.0877 0.0689 0.0331 0.0191 0.0127 0.0225 0.1947 0.0083 0.0084 0.0560 0.2057 0.0804 0.0011 0.0168 0.0166
71 A 1.8171 AAfreq 0.0617 0.0022 0.0020 0.0010 0.0145 0.0085 0.0023 0.0029 0.0089 0.0458 0.0364 0.0024 0.0103 0.4969 0.0116 0.0093 0.0072 0.0061 0.1412 0.1288
72 T 3.1269 AAfreq 0.0117 0.0056 0.0330 0.8556 0.0012 0.0089 0.0173 0.0110 0.0103 0.0017 0.0015 0.0068 0.0008 0.0008 0.0022 0.0189 0.0102 0.0002 0.0006 0.0017
73 V 0.7446 AAfreq 0.0886 0.0191 0.0034 0.0013 0.0274 0.0025 0.0021 0.0199 0.0140 0.1600 0.2605 0.0155 0.0286 0.0432 0.0012 0.0131 0.0309 0.0046 0.0484 0.2156
74 V 1.7613 AAfreq 0.0748 0.0018 0.0009 0.0012 0.0131 0.0008 0.0014 0.0041 0.0010 0.4148 0.0516 0.0019 0.0101 0.0135 0.0011 0.0061 0.0103 0.0046 0.0053 0.3815
75 T 0.9378 AAfreq 0.0189 0.0040 0.0116 0.0030 0.0107 0.0025 0.0060 0.0017 0.0202 0.2366 0.1612 0.0020 0.0192 0.1238 0.0008 0.0144 0.0910 0.0228 0.0446 0.2050
76 M 1.0163 AAfreq 0.1403 0.0139 0.0155 0.0512 0.1249 0.0042 0.0079 0.0200 0.0019 0.0436 0.0676 0.0037 0.0333 0.0362 0.0015 0.3374 0.0450 0.0006 0.0025 0.0487
77 F 0.5559 AAfreq 0.0466 0.0610 0.2412 0.0358 0.0201 0.0101 0.0614 0.0239 0.0572 0.0376 0.0370 0.0417 0.0191 0.0804 0.0080 0.1248 0.0369 0.0056 0.0143 0.0374
78 L 0.7851 AAfreq 0.0505 0.0230 0.0393 0.0594 0.0076 0.0108 0.0430 0.0706 0.2151 0.0245 0.0940 0.0158 0.0087 0.0369 0.0260 0.0442 0.0355 0.1066 0.0749 0.0137
79 L 0.4463 AAfreq 0.0405 0.0133 0.0106 0.0223 0.0167 0.0233 0.0371 0.0155 0.0058 0.1384 0.2302 0.0205 0.0641 0.1090 0.0175 0.0512 0.0251 0.0083 0.0197 0.1310
80 T 0.5179 AAfreq 0.1061 0.0263 0.0449 0.0687 0.0165 0.0270 0.1096 0.0634 0.0144 0.0111 0.0185 0.0638 0.0073 0.0206 0.2067 0.0788 0.0605 0.0020 0.0290 0.0247
81 N 1.0210 AAfreq 0.0537 0.0330 0.0931 0.4147 0.0040 0.0284 0.0787 0.0178 0.0279 0.0134 0.0310 0.0376 0.0194 0.0367 0.0090 0.0459 0.0248 0.0006 0.0141 0.0164
82 V 0.5167 AAfreq 0.0359 0.0525 0.0230 0.0190 0.0064 0.0400 0.0289 0.0210 0.0425 0.0681 0.1756 0.1129 0.0190 0.0268 0.2144 0.0291 0.0220 0.0047 0.0222 0.0360
83 N 0.3817 AAfreq 0.0695 0.0679 0.0313 0.1093 0.0147 0.0836 0.1717 0.0231 0.0167 0.0282 0.0403 0.1035 0.0078 0.0113 0.0653 0.0387 0.0304 0.0049 0.0170 0.0648
84 E 0.3746 AAfreq 0.1477 0.0696 0.0328 0.0657 0.0059 0.0697 0.1005 0.0417 0.0228 0.0296 0.0550 0.1612 0.0066 0.0083 0.0221 0.0750 0.0556 0.0012 0.0094 0.0194
85 M 0.5508 AAfreq 0.1824 0.0045 0.0095 0.0094 0.0222 0.0067 0.0054 0.0477 0.0072 0.1260 0.1416 0.0080 0.0392 0.0783 0.0087 0.0230 0.0431 0.0203 0.0261 0.1905
86 L 1.0600 AAfreq 0.0572 0.0062 0.0041 0.0031 0.0082 0.0036 0.0064 0.0065 0.0014 0.1620 0.3960 0.0039 0.0403 0.1406 0.0038 0.0129 0.0099 0.0099 0.0553 0.0689
87 K 0.5903 AAfreq 0.1080 0.1365 0.0513 0.0466 0.0047 0.0947 0.1266 0.0287 0.0154 0.0077 0.0275 0.1708 0.0094 0.0067 0.0217 0.0798 0.0354 0.0046 0.0137 0.0103
88 P 0.1145 AAfreq 0.1024 0.0715 0.0474 0.0689 0.0235 0.0405 0.0702 0.0487 0.0321 0.0375 0.0712 0.0943 0.0134 0.0258 0.0641 0.0829 0.0420 0.0027 0.0203 0.0407
89 K 0.5357 AAfreq 0.0832 0.0613 0.1010 0.0347 0.0094 0.0615 0.2313 0.0415 0.0336 0.0293 0.0379 0.1091 0.0077 0.0093 0.0025 0.0709 0.0333 0.0018 0.0087 0.0321
90 L 0.9076 AAfreq 0.1378 0.0177 0.0014 0.0012 0.0340 0.0014 0.0016 0.0081 0.0007 0.2171 0.1978 0.0022 0.0933 0.0467 0.0013 0.0270 0.0149 0.0334 0.0111 0.1516
91 E 0.3055 AAfreq 0.1196 0.1063 0.0392 0.0242 0.0121 0.0265 0.0354 0.0145 0.0645 0.0391 0.0739 0.1089 0.0142 0.0631 0.0215 0.0742 0.0222 0.0106 0.0943 0.0356
92 K 0.9251 AAfreq 0.0566 0.3226 0.0742 0.0630 0.0025 0.0576 0.0609 0.0266 0.0270 0.0044 0.0187 0.1205 0.0042 0.0043 0.0199 0.0895 0.0351 0.0033 0.0042 0.0047
93 E 0.4965 AAfreq 0.1086 0.0248 0.0257 0.0020 0.0277 0.0217 0.0061 0.0122 0.0454 0.0645 0.1796 0.0254 0.0366 0.0461 0.0020 0.0503 0.0190 0.0167 0.0653 0.2203
94 L 1.8205 AAfreq 0.0363 0.0029 0.0036 0.0013 0.0133 0.0025 0.0034 0.0092 0.0009 0.0448 0.7292 0.0037 0.0270 0.0109 0.0012 0.0146 0.0307 0.0004 0.0020 0.0620
95 K 1.3366 AAfreq 0.0915 0.1190 0.0748 0.0139 0.0048 0.0192 0.0290 0.0100 0.0115 0.0047 0.0156 0.4673 0.0031 0.0028 0.0086 0.0476 0.0447 0.0006 0.0033 0.0279
96 P 1.4769 AAfreq 0.0285 0.0193 0.0370 0.0843 0.0025 0.0254 0.0787 0.0071 0.0086 0.0174 0.0084 0.1070 0.0029 0.0044 0.4503 0.0568 0.0300 0.0020 0.0059 0.0236
97 G 1.4574 AAfreq 0.0141 0.0206 0.1320 0.1077 0.0023 0.0290 0.0532 0.5081 0.0130 0.0037 0.0042 0.0487 0.0028 0.0056 0.0047 0.0256 0.0130 0.0020 0.0064 0.0031
98 T 2.6616 AAfreq 0.0376 0.0050 0.0065 0.0035 0.0052 0.0021 0.0040 0.8485 0.0022 0.0066 0.0048 0.0127 0.0032 0.0016 0.0021 0.0192 0.0214 0.0003 0.0034 0.0100
99 R 0.4299 AAfreq 0.0400 0.1725 0.0082 0.0067 0.0127 0.0300 0.0411 0.0141 0.0184 0.1313 0.0937 0.0920 0.0205 0.0319 0.0024 0.0269 0.0526 0.0254 0.0661 0.1135
100 V 1.2403 AAfreq 0.0399 0.0023 0.0027 0.0010 0.0167 0.0015 0.0016 0.0028 0.0023 0.1560 0.3584 0.0024 0.0386 0.2057 0.0009 0.0045 0.0037 0.0097 0.0272 0.1222
101 V 0.6910 AAfreq 0.1293 0.0176 0.0022 0.0019 0.0279 0.0051 0.0019 0.0221 0.0105 0.1800 0.1743 0.0061 0.0293 0.0763 0.0011 0.0335 0.0155 0.0082 0.0781 0.1791
102 S 0.7646 AAfreq 0.0504 0.0043 0.0140 0.0026 0.0250 0.0037 0.0037 0.0088 0.0063 0.2235 0.1852 0.0124 0.0574 0.1275 0.0168 0.0282 0.0428 0.0049 0.0090 0.1734
103 H 0.2726 AAfreq 0.0835 0.0404 0.0327 0.0551 0.0201 0.0430 0.0910 0.0350 0.0259 0.0728 0.0531 0.0125 0.0204 0.0342 0.0043 0.1575 0.0637 0.0030 0.0159 0.1359
104 E 0.6858 AAfreq 0.0225 0.0088 0.0214 0.2464 0.0191 0.0137 0.1546 0.0144 0.0646 0.0347 0.0442 0.0100 0.0245 0.0529 0.0044 0.0757 0.0894 0.0036 0.0389 0.0563
105 F 0.3502 AAfreq 0.0521 0.0267 0.0439 0.0053 0.0384 0.0129 0.0267 0.0959 0.0335 0.0885 0.0628 0.0201 0.0271 0.0952 0.1452 0.0380 0.0199 0.0279 0.0713 0.0687
106 E 0.2455 AAfreq 0.0801 0.0560 0.1254 0.0941 0.0271 0.0170 0.0280 0.0481 0.0650 0.0318 0.0300 0.0336 0.0148 0.0308 0.0262 0.0768 0.0686 0.0243 0.0423 0.0800
107 I 0.4893 AAfreq 0.1154 0.0197 0.0526 0.0124 0.0130 0.0143 0.0156 0.0649 0.0957 0.0412 0.1173 0.0227 0.0247 0.0271 0.0159 0.0528 0.1011 0.1145 0.0190 0.0600
108 R 0.2301 AAfreq 0.0610 0.0332 0.0541 0.0607 0.0051 0.0460 0.1169 0.0291 0.0407 0.0345 0.1580 0.0767 0.0678 0.0175 0.0301 0.0494 0.0464 0.0251 0.0154 0.0322
109 G 0.4453 AAfreq 0.0855 0.0961 0.0474 0.1426 0.0055 0.0543 0.1081 0.0355 0.0193 0.0105 0.0144 0.1034 0.0103 0.0184 0.0136 0.1076 0.0559 0.0056 0.0487 0.0174
110 W 0.7096 AAfreq 0.0629 0.0694 0.0632 0.1050 0.0074 0.0806 0.2771 0.0368 0.0203 0.0085 0.0188 0.0513 0.0084 0.0058 0.0436 0.0564 0.0323 0.0314 0.0090 0.0118
111 N 0.5353 AAfreq 0.0311 0.0193 0.0640 0.0129 0.0037 0.0649 0.0140 0.0112 0.0069 0.0562 0.3168 0.0229 0.0517 0.0686 0.0221 0.0371 0.0280 0.0052 0.0698 0.0935
112 P 0.4912 AAfreq 0.0645 0.0633 0.0213 0.0518 0.0047 0.0251 0.0519 0.0310 0.0347 0.0746 0.0527 0.0847 0.0103 0.0590 0.2433 0.0459 0.0348 0.0033 0.0119 0.0312
113 K 0.6853 AAfreq 0.0923 0.0453 0.0629 0.1131 0.0019 0.1015 0.2332 0.0332 0.0368 0.0069 0.0144 0.0935 0.0045 0.0062 0.0379 0.0490 0.0240 0.0014 0.0270 0.0149
114 E 0.3183 AAfreq 0.0825 0.0713 0.0872 0.0271 0.0030 0.0899 0.1253 0.0314 0.0704 0.0606 0.0617 0.0815 0.0329 0.0097 0.0300 0.0534 0.0339 0.0037 0.0216 0.0230
115 V 0.8119 AAfreq 0.0706 0.0062 0.0069 0.0064 0.0048 0.0072 0.0074 0.0173 0.0066 0.2458 0.2440 0.0039 0.0489 0.0461 0.0074 0.0169 0.0295 0.0204 0.0229 0.1808
116 I 0.4156 AAfreq 0.0768 0.1532 0.0560 0.0289 0.0198 0.0759 0.1252 0.0156 0.0326 0.0173 0.0489 0.0961 0.0082 0.0082 0.0255 0.0454 0.0610 0.0017 0.0693 0.0343
117 K 0.7901 AAfreq 0.0613 0.0493 0.0690 0.1607 0.0053 0.0913 0.2267 0.0125 0.0225 0.0105 0.0192 0.1201 0.0039 0.0065 0.0151 0.0727 0.0369 0.0015 0.0055 0.0095
118 V 0.0468 AAfreq 0.0667 0.0552 0.0425 0.0507 0.0100 0.0362 0.0754 0.0665 0.0269 0.0491 0.1001 0.0610 0.0292 0.0534 0.0630 0.0544 0.0416 0.0266 0.0413 0.0500
119 E 0.0252 AAfreq 0.0657 0.0502 0.0469 0.0573 0.0124 0.0430 0.0662 0.0662 0.0353 0.0549 0.0889 0.0555 0.0317 0.0559 0.0456 0.0597 0.0533 0.0112 0.0443 0.0559
120 D 0.0620 AAfreq 0.0862 0.0513 0.0460 0.0593 0.0098 0.0362 0.0890 0.0953 0.0267 0.0393 0.0687 0.0582 0.0218 0.0492 0.0496 0.0530 0.0446 0.0197 0.0469 0.0493
121 G 0.0284 AAfreq 0.0648 0.0519 0.0421 0.0600 0.0122 0.0322 0.0670 0.0614 0.0297 0.0564 0.1024 0.0546 0.0243 0.0643 0.0393 0.0549 0.0462 0.0158 0.0549 0.0656
122 N 0.0218 AAfreq 0.0814 0.0532 0.0341 0.0531 0.0191 0.0381 0.0651 0.0618 0.0243 0.0647 0.0796 0.0663 0.0210 0.0558 0.0536 0.0620 0.0499 0.0181 0.0405 0.0582
123 M 0.0279 AAfreq 0.0723 0.0509 0.0452 0.0496 0.0129 0.0353 0.0825 0.0702 0.0269 0.0613 0.0940 0.0548 0.0270 0.0557 0.0516 0.0537 0.0403 0.0163 0.0436 0.0558
124 N 0.0203 AAfreq 0.0686 0.0664 0.0399 0.0594 0.0145 0.0361 0.0726 0.0661 0.0336 0.0654 0.0898 0.0649 0.0204 0.0509 0.0412 0.0559 0.0434 0.0144 0.0383 0.0582
125 H 0.0375 AAfreq 0.0697 0.0567 0.0436 0.0605 0.0089 0.0406 0.0750 0.0549 0.0267 0.0600 0.0917 0.0560 0.0180 0.0532 0.0527 0.0575 0.0481 0.0184 0.0498 0.0579
126 T 0.0299 AAfreq 0.0742 0.0518 0.0349 0.0520 0.0136 0.0416 0.0828 0.0540 0.0271 0.0671 0.0931 0.0615 0.0199 0.0453 0.0511 0.0552 0.0537 0.0140 0.0450 0.0622
127 V 0.0263 AAfreq 0.0753 0.0497 0.0385 0.0579 0.0109 0.0391 0.0806 0.0600 0.0221 0.0595 0.0968 0.0571 0.0215 0.0520 0.0443 0.0634 0.0437 0.0186 0.0408 0.0680
128 Y 0.0282 AAfreq 0.0692 0.0716 0.0421 0.0524 0.0127 0.0403 0.0729 0.0611 0.0248 0.0569 0.0994 0.0618 0.0281 0.0510 0.0395 0.0532 0.0422 0.0198 0.0435 0.0576
129 L 0.0306 AAfreq 0.0722 0.0520 0.0447 0.0624 0.0103 0.0353 0.0836 0.0668 0.0247 0.0530 0.0983 0.0665 0.0197 0.0569 0.0389 0.0571 0.0411 0.0179 0.0385 0.0601
130 Y 0.0287 AAfreq 0.0686 0.0566 0.0419 0.0637 0.0107 0.0333 0.0755 0.0630 0.0256 0.0581 0.0983 0.0636 0.0191 0.0510 0.0363 0.0595 0.0489 0.0176 0.0500 0.0587
131 V 0.0284 AAfreq 0.0715 0.0642 0.0401 0.0514 0.0109 0.0362 0.0805 0.0731 0.0221 0.0628 0.0992 0.0549 0.0224 0.0602 0.0382 0.0554 0.0527 0.0127 0.0406 0.0510
132 I 0.0307 AAfreq 0.0678 0.0669 0.0353 0.0630 0.0142 0.0420 0.0749 0.0600 0.0320 0.0542 0.0918 0.0551 0.0207 0.0517 0.0424 0.0585 0.0413 0.0180 0.0463 0.0638
133 G 0.0301 AAfreq 0.0636 0.0527 0.0447 0.0456 0.0142 0.0431 0.0770 0.0591 0.0294 0.0631 0.0954 0.0684 0.0186 0.0480 0.0391 0.0649 0.0486 0.0209 0.0464 0.0571
134 E 0.0345 AAfreq 0.0662 0.0536 0.0418 0.0594 0.0124 0.0390 0.0828 0.0682 0.0302 0.0612 0.0882 0.0643 0.0179 0.0470 0.0461 0.0555 0.0450 0.0236 0.0438 0.0537
135 H 0.0308 AAfreq 0.0733 0.0626 0.0407 0.0600 0.0123 0.0310 0.0792 0.0625 0.0294 0.0577 0.0852 0.0691 0.0188 0.0533 0.0404 0.0638 0.0525 0.0152 0.0414 0.0517
