0.969996 0.984801 0.992782 0.989562 0.615266 0 0 0 0 0 0 0 0 0 0 0 0 0 0 0 0 0 0 0 0 0 0 0 0 0 0 0 0 0 0 0 0 0 0 0 0 0 0 0 0 0 0 0 0 0 0 0 0 0 0 0 0 0 0 0 0 0 0 0 0 0 0 0 0 0 0 0 0 0 0 0 0 0 0 0 0 0 0 0 0 0 0 0 0 0 0 0 0 0 0 0 0 0 0 0 0 0 0 0 0 0 0 0 0 0 0 0 0 0 0 0 0 0 0 0 0 0 0 0 0 0 0 0 0 0 0 0 0 0 0 0 0 0 0 0 0 0 0 0 0 0 0 0 0 0 0 0 0 0 0 0 0 0 0 0 0 
0.984801 0.98417 0.994623 0.992759 0.988448 0.765748 0.566741 0 0 0 0 0 0 0 0 0 0 0 0 0 0 0 0 0 0 0 0 0 0 0 0 0 0 0 0 0 0 0 0 0 0 0 0 0 0 0 0 0 0 0 0 0 0 0 0 0 0 0 0 0 0 0 0 0 0 0 0 0 0 0 0 0 0 0 0 0 0 0 0 0 0 0 0 0 0 0 0 0 0 0 0 0 0 0 0 0 0 0 0 0 0 0 0 0 0 0 0 0 0 0 0 0 0 0 0 0 0 0 0 0 0 0 0 0 0 0 0 0 0 0 0 0 0 0 0 0 0 0 0 0 0 0 0 0 0 0 0 0 0 0 0 0 0 0 0 0 0 0 0 0 0 
0.992782 0.994623 0.993497 0.993383 0.986171 0.982289 0.551223 0 0 0 0 0 0 0 0 0 0 0 0 0 0 0 0 0 0 0 0 0 0 0 0 0 0 0 0 0 0 0 0 0 0 0 0 0 0 0 0 0 0 0 0 0 0 0 0 0 0 0 0 0 0 0 0 0 0 0 0 0 0 0 0 0 0 0 0 0 0 0 0 0 0 0 0 0 0 0 0 0 0 0 0 0 0 0 0 0 0 0 0 0 0 0 0 0 0 0 0 0 0 0 0 0 0 0 0 0 0 0 0 0 0 0 0 0 0 0 0 0 0 0 0 0 0 0 0 0 0 0 0 0 0 0 0 0 0 0 0 0 0 0 0 0 0 0 0 0 0 0 0 0 0 
0.989562 0.992759 0.993383 0.994467 0.993691 0.992332 0.99459 0.870047 0 0 0 0 0 0 0 0 0 0 0 0 0 0 0 0 0 0 0 0 0 0 0 0 0 0 0 0 0 0 0 0 0 0 0 0 0 0 0 0 0 0 0 0 0 0 0 0 0 0 0 0 0 0 0 0 0 0 0 0 0 0 0 0 0 0 0 0 0 0 0 0 0 0 0 0 0 0 0 0 0 0 0 0 0 0 0 0 0 0 0 0 0 0 0 0 0 0 0 0 0 0 0 0 0 0 0 0 0 0 0 0 0 0 0 0 0 0 0 0 0 0 0 0 0 0 0 0 0 0 0 0 0 0 0 0 0 0 0 0 0 0 0 0 0 0 0 0 0 0 0 0 0 
0.615266 0.988448 0.986171 0.993691 0.994301 0.994551 0.994438 0.993606 0 0.545981 0 0 0 0 0 0 0 0 0 0 0 0 0 0 0 0 0 0 0 0 0 0 0 0 0 0 0 0 0 0 0 0 0 0 0 0 0 0 0 0 0 0 0 0 0 0 0 0 0 0 0 0 0 0 0 0 0 0 0 0 0 0 0 0 0 0 0 0 0 0 0 0 0 0 0 0 0 0 0 0 0 0 0 0 0 0 0 0 0 0 0 0 0 0 0 0 0 0 0 0 0 0 0 0 0 0 0 0 0 0 0 0 0 0 0 0 0 0 0 0 0 0 0 0 0 0 0 0 0 0 0 0 0 0 0 0 0 0 0 0 0 0 0 0 0 0 0 0 0 0 0 
0 0.765748 0.982289 0.992332 0.994551 0.998114 0.998642 0.998484 0.997801 0.779622 0 0 0 0 0 0 0 0 0 0 0 0 0 0 0 0 0 0 0 0 0 0 0 0 0 0 0 0.527432 0.396048 0 0 0 0 0 0 0 0 0 0 0 0 0 0 0 0 0 0 0 0 0 0.527122 0.523011 0.587363 0.584442 0.532991 0.628232 0.470742 0 0 0 0 0 0 0 0 0 0 0 0 0 0 0 0 0 0 0 0 0 0 0 0 0 0 0 0 0 0 0 0 0 0 0 0 0 0 0 0 0 0 0 0 0 0 0 0 0 0 0 0 0 0 0 0 0 0 0 0 0 0 0 0 0 0 0 0 0 0 0 0 0 0 0 0 0 0 0 0 0 0 0 0 0 0 0 0 0 0 0 0 0 0 
0 0.566741 0.551223 0.99459 0.994438 0.998642 0.998759 0.998869 0.998818 0.997757 0.925091 0.683208 0 0 0 0 0 0 0 0 0 0 0 0 0 0 0 0 0 0 0 0 0 0 0 0.704372 0.674412 0.806226 0.769641 0.696444 0.549834 0 0 0 0 0 0 0 0 0 0 0 0 0 0 0 0 0 0.63657 0.529433 0.745909 0.681934 0.766109 0.851242 0.749091 0.612863 0.745243 0.565555 0 0 0 0 0 0 0 0 0 0 0 0 0 0 0 0 0 0 0 0 0 0 0 0 0 0 0 0 0 0 0 0 0 0.745683 0 0 0 0 0 0 0 0 0 0 0 0 0 0 0 0 0 0 0 0 0 0 0 0 0 0 0 0 0 0 0 0 0.233892 0.208928 0.307014 0.250041 0.270686 0.321906 0.338236 0 0 0 0 0 0 0 0 0 0.404924 0.306125 0.298097 0.293508 0.287391 0.28514 0.220522 0.13049 0 0 0 
0 0 0 0.870047 0.993606 0.998484 0.998869 0.998944 0.998984 0.9988 0.998858 0.907709 0.608041 0 0 0 0 0 0 0 0 0 0 0 0 0 0 0 0 0 0 0 0 0 0 0.651945 0.72523 0.839964 0.871181 0.781027 0.741832 0 0 0 0 0 0 0 0 0 0 0 0 0 0 0 0 0 0.478913 0 0.642235 0 0.495547 0.791865 0.742687 0 0.607973 0.58408 0 0 0 0 0 0 0 0 0 0 0 0 0 0 0 0 0 0 0 0 0 0 0 0 0 0 0 0 0 0 0 0 0.573732 0.687571 0 0 0 0 0 0 0 0 0 0 0 0 0 0 0 0 0 0 0 0 0 0 0 0 0 0 0 0 0 0 0 0 0 0 0 0 0 0 0 0 0 0 0 0 0 0 0 0 0.23861 0 0 0 0 0 0 0 0 0 0 
0 0 0 0 0 0.997801 0.998818 0.998984 0.99898 0.998955 0.998946 0.998799 0.858075 0.563342 0 0.815253 0.806862 0 0 0 0 0 0 0 0 0 0 0 0 0 0 0 0 0 0 0.753686 0.792082 0.822602 0.865391 0.849443 0.800595 0.723393 0.417816 0 0 0 0 0 0 0 0 0 0 0 0 0 0 0 0 0 0 0 0 0.663661 0 0 0.480049 0.552494 0 0 0 0 0 0 0 0 0 0 0 0 0 0 0 0 0 0 0 0 0 0 0 0 0 0 0 0 0 0 0 0 0.565804 0.655046 0 0 0 0 0 0 0 0 0 0 0 0 0 0 0 0 0 0 0 0 0 0 0 0 0 0 0 0 0 0 0 0 0 0 0 0 0 0 0 0 0 0 0 0 0 0 0 0 0.25252 0.260855 0.240942 0.21803 0.215728 0 0 0 0 0 0 
0 0 0 0 0.545981 0.779622 0.997757 0.9988 0.998955 0.998711 0.998935 0.998844 0.995208 0.637808 0 0.653261 0.576448 0 0 0 0 0 0 0 0 0 0 0 0 0 0 0 0 0 0 0 0 0 0 0 0 0 0 0 0 0 0 0 0 0 0 0 0 0 0 0 0 0 0 0 0 0 0 0.452087 0 0 0 0 0 0 0 0 0 0 0 0 0 0 0 0 0 0 0 0 0 0 0 0 0 0 0 0 0 0 0 0 0 0 0 0 0 0 0 0 0 0 0 0 0 0 0 0 0 0 0 0 0 0 0 0 0 0 0 0 0 0 0 0.411901 0.471646 0.401737 0 0 0 0 0 0 0 0 0 0 0 0 0 0 0 0 0 0 0 0 0 0 0 0 0 0 0 0 0 0 0 
0 0 0 0 0 0 0.925091 0.998858 0.998946 0.998935 0.998975 0.998958 0.998869 0.998102 0.867225 0.983001 0.965258 0 0 0 0 0 0 0 0 0 0 0 0 0 0 0 0 0 0 0.597963 0.67818 0.813945 0.811496 0.782477 0.786471 0.745714 0.625707 0.546557 0.407954 0 0 0 0 0 0 0 0 0 0 0 0 0 0 0 0 0 0 0.54606 0 0 0 0.442593 0 0 0.35089 0 0 0 0 0 0 0 0 0 0 0 0 0 0 0 0 0 0 0 0 0 0 0 0 0 0 0 0 0 0.457756 0.329111 0 0 0 0 0 0 0 0 0 0 0 0 0 0 0 0 0 0 0 0 0 0 0 0 0 0.524785 0.486403 0 0 0 0 0 0 0 0 0 0 0 0 0 0 0 0 0 0 0 0 0 0 0 0 0 0 0 0 0 0 0 0 
0 0 0 0 0 0 0.683208 0.907709 0.998799 0.998844 0.998958 0.998891 0.998868 0.998919 0.996856 0.998887 0.998852 0.983861 0.896971 0.704917 0 0 0 0 0 0 0 0 0 0 0 0 0 0 0 0 0.547641 0.679219 0.762262 0.737 0.830679 0.797634 0.698913 0.635917 0.516877 0 0 0 0 0 0 0 0 0 0 0 0 0 0 0 0 0 0 0 0 0 0 0 0 0 0 0 0 0 0 0 0 0 0 0 0 0 0 0 0 0 0 0 0 0 0 0 0 0 0 0 0 0 0 0 0.522349 0.553425 0 0 0 0 0 0 0 0 0 0 0 0 0 0 0 0 0 0 0 0 0 0 0 0 0.504848 0.743938 0.619916 0 0 0 0 0 0 0 0 0 0 0 0 0 0 0 0 0 0 0 0 0 0.253273 0.221265 0.225842 0.219403 0 0 0 0 0 0 0 
0 0 0 0 0 0 0 0.608041 0.858075 0.995208 0.998869 0.998868 0.9987 0.998806 0.995623 0.998825 0.998899 0.997961 0.991099 0.990199 0 0 0 0 0 0 0 0 0 0 0 0 0 0 0 0 0 0 0 0.58839 0.778644 0.709946 0 0 0 0 0 0 0 0 0 0 0 0 0 0 0 0 0 0 0 0 0 0 0 0 0 0 0 0 0 0 0 0 0 0 0 0 0 0 0 0 0 0 0 0 0 0 0 0 0 0 0 0 0 0 0 0 0 0 0 0 0 0 0 0 0 0 0 0 0 0 0 0 0 0 0 0 0 0 0 0 0 0 0 0 0 0 0 0 0 0 0 0 0 0 0 0 0 0 0 0 0 0 0 0 0 0 0 0 0 0 0 0 0 0 0 0 0 0 0 
0 0 0 0 0 0 0 0 0.563342 0.637808 0.998102 0.998919 0.998806 0.99875 0.996034 0.998862 0.998923 0.998564 0.995746 0.998659 0.99462 0 0 0 0 0 0 0 0 0 0 0 0 0 0 0 0 0 0 0 0.750635 0.700145 0 0 0.662893 0 0 0 0 0 0 0 0 0 0 0 0 0 0 0 0 0 0 0 0 0 0 0 0 0 0 0 0 0 0 0 0 0 0 0 0 0 0 0 0 0 0 0 0 0 0 0 0 0 0 0 0 0 0 0 0 0 0 0 0 0 0 0 0 0 0 0 0 0 0 0 0 0 0 0 0 0 0 0 0 0 0 0 0 0 0 0 0 0 0 0 0 0 0 0 0 0 0 0 0 0 0 0 0 0 0 0 0 0 0 0 0 0 0 0 0 
0 0 0 0 0 0 0 0 0 0 0.867225 0.996856 0.995623 0.996034 0.994609 0.996213 0.996481 0.995983 0.994557 0.994406 0.991884 0.889154 0 0 0 0 0 0 0 0 0 0 0 0 0 0 0 0 0 0 0 0.60842 0 0 0 0 0 0 0 0 0 0 0 0 0 0 0 0 0 0 0 0 0 0 0 0 0 0 0 0 0 0 0 0 0 0 0 0 0 0 0 0 0 0 0 0 0 0 0 0 0 0 0 0 0 0 0 0 0 0 0 0 0 0 0 0 0 0 0 0 0 0 0 0 0 0 0 0 0 0 0 0 0 0 0 0 0 0 0 0 0 0 0 0 0 0 0 0 0 0 0 0 0 0 0 0 0 0 0 0 0 0 0 0 0 0 0 0 0 0 0 
0 0 0 0 0 0 0 0 0.815253 0.653261 0.983001 0.998887 0.998825 0.998862 0.996213 0.998685 0.998852 0.998837 0.998872 0.998924 0.998677 0.998447 0.992791 0.414502 0 0 0 0 0 0 0 0 0 0 0 0 0 0 0 0 0.801769 0.814273 0 0 0.68623 0 0 0 0 0 0 0 0 0 0 0 0 0 0 0 0 0 0 0 0 0 0 0 0 0 0 0 0 0 0 0 0 0 0 0 0 0 0 0 0 0 0 0 0 0 0 0 0 0 0 0 0 0 0 0.349589 0.652519 0.499312 0.323625 0.272788 0 0 0 0 0 0 0 0 0 0 0 0 0 0 0 0 0 0 0 0 0 0.76257 0.822577 0.72825 0.563049 0.407577 0 0 0 0 0 0 0 0.238102 0 0 0 0 0 0 0 0 0 0 0 0 0.272335 0 0 0.233083 0 0.229317 0.195484 0 0 0 0 
0 0 0 0 0 0 0 0 0.806862 0.576448 0.965258 0.998852 0.998899 0.998923 0.996481 0.998852 0.998804 0.998813 0.998805 0.998954 0.99896 0.997673 0.998642 0.995305 0 0 0 0 0 0 0 0 0 0 0 0 0 0 0 0.532403 0.857238 0.85499 0.862648 0.825216 0.832228 0.849391 0.373357 0 0 0 0 0 0 0 0 0 0 0 0 0 0 0 0 0 0 0 0 0 0 0 0 0 0 0 0 0 0 0 0 0 0 0 0 0 0 0 0 0 0 0 0 0 0 0 0 0 0 0 0.45598 0.441621 0.682931 0.609408 0.330149 0 0 0 0 0 0 0 0 0 0 0 0 0 0 0 0 0 0 0 0 0 0 0.783251 0.820369 0.658438 0.393818 0.388761 0 0 0 0 0 0 0 0 0 0 0 0 0 0 0 0 0 0 0 0 0.28553 0 0.225761 0.256646 0.313185 0.293803 0 0 0 0 0 
0 0 0 0 0 0 0 0 0 0 0 0.983861 0.997961 0.998564 0.995983 0.998837 0.998813 0.998737 0.998422 0.998854 0.998914 0.998121 0.994962 0.998642 0.950248 0.386239 0 0 0 0 0 0 0 0 0 0 0 0 0 0 0.584141 0.641641 0 0 0.758292 0.582672 0 0 0 0 0 0 0 0 0 0 0 0 0 0 0 0 0 0 0 0 0 0 0 0 0 0 0 0 0 0 0 0 0 0 0 0 0 0 0 0 0 0 0 0 0 0 0 0 0 0 0 0 0 0 0 0 0 0 0 0 0 0 0 0 0 0 0 0 0 0 0 0 0 0 0 0 0 0 0 0 0 0 0 0 0 0 0 0 0 0 0 0 0 0 0 0 0 0 0 0 0 0 0 0 0 0 0 0 0 0 0 0 0 0 0 
0 0 0 0 0 0 0 0 0 0 0 0.896971 0.991099 0.995746 0.994557 0.998872 0.998805 0.998422 0.998465 0.998757 0.998808 0.998368 0.998411 0.998116 0.994077 0.662207 0 0 0 0 0 0 0 0 0 0 0 0 0 0 0 0 0 0 0.525908 0 0 0 0 0 0 0 0 0 0 0 0 0 0 0 0 0 0 0 0 0 0 0 0 0 0 0 0 0 0 0 0 0 0 0 0 0 0 0 0 0 0 0 0 0 0 0 0 0 0 0 0 0 0 0 0 0 0 0 0 0 0 0 0 0 0 0 0 0 0 0 0 0 0 0 0 0 0 0 0 0.513991 0 0 0 0 0 0 0 0 0 0 0 0 0 0 0 0 0 0 0 0 0 0 0 0 0 0 0 0 0 0 0 0 0 0 0 
0 0 0 0 0 0 0 0 0 0 0 0.704917 0.990199 0.998659 0.994406 0.998924 0.998954 0.998854 0.998757 0.998792 0.998882 0.998772 0.998907 0.998945 0.997742 0.993363 0 0 0 0 0 0 0 0.624534 0 0 0 0 0 0 0.605279 0.815639 0.829125 0 0.843273 0.894187 0 0 0 0.471202 0 0 0 0 0 0 0 0 0 0 0 0 0 0 0 0 0 0 0 0 0 0 0 0 0 0 0 0 0 0 0 0 0 0 0 0 0 0 0 0 0 0 0 0 0 0 0 0.534177 0.662895 0.848637 0.810378 0.523543 0.331427 0.260217 0 0 0 0 0 0 0 0 0 0 0 0 0 0 0 0 0 0 0 0.718832 0.861407 0.900742 0.818743 0.615688 0 0 0 0 0 0 0 0 0 0 0 0.434828 0.421725 0 0 0 0 0 0 0 0 0 0.315551 0.271138 0.24331 0.305441 0.257552 0.256402 0.210925 0 0 0 0 
0 0 0 0 0 0 0 0 0 0 0 0 0 0.99462 0.991884 0.998677 0.99896 0.998914 0.998808 0.998882 0.998847 0.998794 0.998844 0.998968 0.998846 0.998623 0.885209 0 0 0.331952 0 0.807521 0 0.438726 0 0 0 0 0 0 0.533426 0.825428 0.814079 0.770732 0.868186 0.871907 0.8317 0.738532 0.710975 0.777312 0.556333 0.54616 0 0 0 0 0 0 0 0 0 0 0 0 0 0 0 0 0 0 0 0 0 0 0 0 0 0 0 0 0 0 0 0 0 0 0 0 0 0 0 0 0 0 0 0 0 0.61242 0.684842 0.613431 0.498341 0.452681 0.18251 0 0 0 0 0 0 0 0 0 0 0 0 0 0 0 0 0 0 0 0 0.670946 0.828951 0.881608 0.55216 0.49837 0 0 0 0 0 0 0 0 0 0 0 0 0 0 0 0 0 0 0 0 0 0 0.326649 0.302427 0 0.296559 0 0.28555 0 0 0 0 0 
0 0 0 0 0 0 0 0 0 0 0 0 0 0 0.889154 0.998447 0.997673 0.998121 0.998368 0.998772 0.998794 0.998651 0.998419 0.998867 0.998719 0.998732 0.938607 0 0 0 0 0 0 0 0 0 0 0 0 0 0 0 0 0 0.570677 0.678156 0 0 0 0 0 0 0 0 0 0 0 0 0 0 0 0 0 0 0 0 0 0 0 0 0 0 0 0 0 0 0 0 0 0 0 0 0 0 0 0 0 0 0 0 0 0 0 0 0 0 0 0 0 0 0 0 0 0 0 0 0 0 0 0 0 0 0 0 0 0 0 0 0 0 0 0 0 0.466557 0 0.481637 0 0 0 0 0 0 0 0 0 0 0 0 0 0 0 0 0 0 0 0 0 0 0 0 0 0 0 0 0 0 0 0 0 0 0 
0 0 0 0 0 0 0 0 0 0 0 0 0 0 0 0.992791 0.998642 0.994962 0.998411 0.998907 0.998844 0.998419 0.998393 0.998804 0.998541 0.998888 0.986908 0.537666 0 0 0 0 0 0 0 0 0 0 0 0 0 0 0 0 0 0 0 0 0 0.47722 0 0 0 0 0 0 0 0 0 0 0 0 0 0 0 0 0 0 0 0 0 0 0 0 0 0 0 0 0 0 0 0 0 0 0 0 0 0 0 0 0 0 0 0 0 0 0 0.520077 0.41184 0.294721 0.243966 0 0 0 0 0 0 0 0 0 0 0 0 0 0 0 0 0 0 0 0 0 0.529136 0.752099 0.51221 0.758891 0.342509 0.280396 0 0 0 0 0 0 0 0 0 0 0 0 0 0 0 0 0 0 0 0 0 0 0 0 0 0 0 0 0 0 0 0 0 
0 0 0 0 0 0 0 0 0 0 0 0 0 0 0 0.414502 0.995305 0.998642 0.998116 0.998945 0.998968 0.998867 0.998804 0.99886 0.998834 0.998925 0.998906 0.76628 0 0.910714 0.91428 0.938195 0.692774 0.530898 0 0 0 0 0 0 0 0.48545 0 0 0.756697 0.886787 0 0 0.582135 0.708749 0.651142 0.56123 0 0 0 0 0 0 0 0 0 0 0 0 0 0 0 0 0 0 0 0 0 0 0 0 0 0 0 0 0 0 0 0 0 0 0 0 0 0 0 0 0 0 0 0 0.505079 0.857039 0.752034 0.785007 0.445674 0.406357 0 0 0 0 0 0 0 0 0 0 0 0 0 0 0 0 0 0 0 0.515021 0.730333 0.914927 0.843281 0.909431 0.523646 0.417279 0 0 0 0 0 0 0 0 0 0 0 0.532511 0.539056 0 0 0 0 0 0 0 0 0.212588 0.352369 0.250713 0.230036 0 0 0.271732 0 0 0 0 0 
0 0 0 0 0 0 0 0 0 0 0 0 0 0 0 0 0 0.950248 0.994077 0.997742 0.998846 0.998719 0.998541 0.998834 0.99882 0.998898 0.998642 0.997829 0.850905 0.819929 0.464252 0.550832 0 0 0 0 0 0 0 0 0 0 0 0 0 0.545917 0 0 0 0.558148 0 0 0 0 0 0 0 0 0 0 0 0 0 0 0 0 0 0 0 0 0 0 0 0 0 0 0 0 0 0 0 0 0 0 0 0 0 0 0 0 0 0 0 0 0 0 0.349473 0.394438 0.429079 0 0 0 0 0 0 0 0 0 0 0 0 0 0 0 0 0 0 0 0 0 0 0 0.626589 0.667649 0.551086 0.379407 0 0 0 0 0 0 0 0 0 0 0 0 0 0 0 0 0 0 0 0 0 0 0 0 0 0 0 0 0 0 0 0 0 0 0 
0 0 0 0 0 0 0 0 0 0 0 0 0 0 0 0 0 0.386239 0.662207 0.993363 0.998623 0.998732 0.998888 0.998925 0.998898 0.998915 0.998907 0.998893 0.998559 0.984995 0.931761 0.905426 0.488454 0 0 0 0 0 0 0 0 0.442142 0.409182 0 0.638749 0.787088 0.761386 0.706947 0.795156 0.886359 0.8145 0.803106 0.727498 0.677501 0.617171 0 0 0 0 0 0 0 0 0 0 0 0 0 0 0 0 0 0 0 0 0 0 0 0 0 0 0 0 0 0 0 0 0 0 0 0 0 0 0 0 0.458867 0.677986 0.857143 0.780784 0.475253 0.27646 0 0 0 0 0 0 0 0 0 0 0 0 0 0 0 0 0 0 0 0 0.481925 0.744501 0.878672 0.543277 0 0 0 0 0 0 0 0 0 0 0 0 0 0 0 0 0 0 0 0 0 0 0 0 0 0.31961 0.245724 0.225229 0 0.217343 0.264703 0 0 0 0 0 
0 0 0 0 0 0 0 0 0 0 0 0 0 0 0 0 0 0 0 0 0.885209 0.938607 0.986908 0.998906 0.998642 0.998907 0.99887 0.998856 0.998558 0.998834 0.972335 0.724295 0 0 0 0 0 0 0 0 0 0 0 0 0 0.549411 0.582716 0.589123 0.633169 0.798722 0.772147 0.755316 0.684861 0 0 0 0 0 0 0 0 0 0 0 0 0 0 0 0 0 0 0 0 0 0 0 0 0 0 0 0 0 0 0 0 0 0 0 0 0 0 0 0 0 0 0 0.552332 0.481676 0 0 0 0 0 0 0 0 0 0 0 0 0 0 0 0 0 0 0 0 0 0 0 0 0.57617 0.445969 0 0 0 0 0 0 0 0 0 0 0 0 0 0 0 0 0 0 0 0 0 0 0 0 0 0 0 0 0 0 0 0 0 0 0 0 0 
0 0 0 0 0 0 0 0 0 0 0 0 0 0 0 0 0 0 0 0 0 0 0.537666 0.76628 0.997829 0.998893 0.998856 0.998868 0.998823 0.998906 0.998869 0.931142 0 0 0 0 0 0 0 0 0 0 0 0 0 0.479184 0.638078 0.633939 0.627993 0.845569 0.834844 0.817051 0.812106 0.563577 0.518916 0 0 0 0 0 0 0 0 0 0 0 0 0 0 0 0 0 0 0 0 0 0 0 0 0 0 0 0 0 0 0 0 0 0 0 0 0 0 0 0 0 0.556685 0.477464 0 0 0 0 0 0 0 0 0 0 0 0 0 0 0 0 0 0 0 0 0 0 0 0 0 0 0 0 0 0 0 0 0 0 0 0 0 0 0 0 0 0 0 0 0 0 0 0 0 0 0 0 0 0 0 0 0 0 0 0 0 0 0 
0 0 0 0 0 0 0 0 0 0 0 0 0 0 0 0 0 0 0 0 0 0 0 0 0.850905 0.998559 0.998558 0.998823 0.998808 0.998937 0.998866 0.99866 0 0 0 0 0 0 0 0 0 0 0 0 0 0.375047 0.617382 0.60214 0.56938 0.851112 0.856822 0.886064 0.856676 0.703919 0.621041 0 0 0 0 0 0 0 0 0 0 0 0 0 0 0 0 0 0 0 0 0 0 0 0 0 0 0 0 0 0 0 0 0 0 0 0 0 0 0 0 0.328994 0.689026 0.713394 0 0 0 0 0 0 0 0 0 0 0 0 0 0 0 0 0 0 0 0 0 0 0 0 0 0 0 0 0 0 0 0 0 0 0 0 0 0 0 0 0 0 0 0 0 0 0 0 0 0 0 0 0 0 0 0 0 0 0 0 0 0 0 
0 0 0 0 0 0 0 0 0 0 0 0 0 0 0 0 0 0 0 0 0.331952 0 0 0.910714 0.819929 0.984995 0.998834 0.998906 0.998937 0.998936 0.998888 0.998656 0.997727 0 0 0 0 0 0 0 0 0 0 0 0 0.78028 0.863839 0.771034 0.779807 0.962872 0.951871 0.97557 0.972556 0.938646 0.911949 0.781192 0 0 0 0 0 0 0 0 0 0 0 0 0 0 0 0 0 0 0 0 0 0 0 0.432578 0 0 0 0 0 0 0 0 0 0 0 0 0 0.301866 0.494173 0.837754 0.922115 0.926883 0.714091 0 0 0 0 0 0 0 0 0 0 0 0 0 0 0 0 0 0 0 0.565734 0.524907 0.385059 0.578489 0.852064 0.820378 0 0 0 0 0 0 0 0 0 0 0 0 0 0 0 0 0 0 0 0 0 0 0 0 0 0 0 0 0.291406 0.364249 0.413576 0.383955 0.341723 0.228291 0 0 0 
0 0 0 0 0 0 0 0 0 0 0 0 0 0 0 0 0 0 0 0 0 0 0 0.91428 0.464252 0.931761 0.972335 0.998869 0.998866 0.998888 0.998784 0.998839 0.997984 0.987275 0 0 0 0 0 0 0 0 0.638548 0 0 0.956977 0.965111 0.566912 0.759024 0.941557 0.94921 0.980993 0.971369 0.98524 0.984273 0.970763 0.936928 0 0 0 0 0 0 0 0 0 0 0 0 0 0 0 0 0 0 0 0 0 0 0.70881 0.9068 0.718377 0 0 0 0 0 0 0 0 0 0 0.410159 0.492529 0.707994 0.968937 0.968184 0.985869 0.983248 0.859208 0.483455 0.399336 0 0 0 0 0 0 0 0 0 0 0 0 0 0 0 0.424312 0.769529 0.666247 0 0.292149 0.862238 0.913026 0 0 0 0 0 0 0 0 0 0 0 0 0 0 0 0 0 0 0 0 0 0 0 0 0 0 0 0.502348 0.538843 0.571985 0.623899 0.38489 0.32676 0 0 0 0 
0 0 0 0 0 0 0 0 0 0 0 0 0 0 0 0 0 0 0 0 0.807521 0 0 0.938195 0.550832 0.905426 0.724295 0.931142 0.99866 0.998656 0.998839 0.998724 0.998779 0.997874 0.994659 0 0 0 0 0 0 0.852687 0.952467 0.941087 0.897289 0.980888 0.975021 0.696434 0.723793 0.869493 0.817983 0.983057 0.937449 0.98258 0.986978 0.980706 0.967593 0.936064 0 0 0 0 0 0 0 0 0 0 0 0 0 0 0 0 0 0 0 0 0 0.717244 0.977522 0.875154 0.622307 0 0 0 0 0 0 0 0.435662 0 0.498615 0.47752 0.623106 0.976187 0.94423 0.987291 0.985135 0.982216 0.888989 0.499854 0 0 0 0 0 0 0 0 0 0 0 0 0.482935 0 0 0.48531 0.752921 0.553011 0 0 0.881229 0.980217 0.963611 0.933372 0.316668 0 0 0 0 0 0 0 0 0 0 0 0 0 0 0 0 0 0 0 0 0 0 0 0.370067 0.549735 0.574686 0.614038 0.600038 0.376245 0.304554 0 0 0 0 
0 0 0 0 0 0 0 0 0 0 0 0 0 0 0 0 0 0 0 0 0 0 0 0.692774 0 0.488454 0 0 0 0.997727 0.997984 0.998779 0.998819 0.998817 0.998296 0.993966 0.802225 0 0 0 0 0.906667 0.970302 0.934948 0.524701 0.971706 0.959145 0 0 0 0 0.94286 0.833316 0.979553 0.984419 0.98665 0.981849 0.976293 0.915334 0 0 0 0 0 0 0 0 0 0 0 0 0 0 0 0 0 0 0 0 0.470696 0.975733 0.975749 0.980042 0.946179 0 0 0 0.729187 0 0 0.717169 0.419357 0.751742 0.572461 0.620811 0.98106 0.921888 0.985634 0.985713 0.983318 0.98008 0.855535 0 0 0 0 0 0 0 0 0 0 0 0.221946 0.744739 0 0 0.513037 0.665501 0 0 0 0.795699 0.971681 0.97923 0.977332 0.597143 0.34654 0 0 0 0 0 0 0 0 0 0 0 0 0 0 0 0 0 0 0 0 0 0 0.478167 0.666658 0.626961 0.649282 0.595162 0.352367 0.286213 0 0 0 0 
0 0 0 0 0 0 0 0 0 0 0 0 0 0 0 0 0 0 0 0.624534 0.438726 0 0 0.530898 0 0 0 0 0 0 0.987275 0.997874 0.998817 0.998901 0.998819 0.998299 0.998478 0.969088 0.88076 0.940413 0.969199 0.974185 0.97783 0.972299 0.900045 0.957213 0.884578 0 0 0 0 0.530301 0 0.929771 0.977817 0.98303 0.984696 0.980613 0.968399 0 0 0 0 0 0.541327 0 0 0.606973 0 0 0 0 0 0 0 0 0 0 0 0 0.927706 0.965766 0.978251 0.977893 0.541555 0.406743 0.337816 0.762414 0 0 0.586504 0 0 0 0 0.874032 0.790681 0.979353 0.98421 0.983524 0.982431 0.979369 0.912573 0 0 0 0 0 0 0 0 0 0 0 0.614422 0 0 0 0 0 0 0 0 0.418196 0.966074 0.976484 0.960387 0.635715 0 0 0 0 0 0 0 0 0 0 0 0 0 0 0 0 0 0 0 0 0 0 0 0.613185 0.584782 0.579943 0.490142 0.283359 0 0 0 0 0 
0 0 0 0 0 0 0 0 0 0 0 0 0 0 0 0 0 0 0 0 0 0 0 0 0 0 0 0 0 0 0 0.994659 0.998296 0.998819 0.998836 0.998907 0.998652 0.997855 0.937019 0.973112 0.917831 0.977652 0.977276 0 0 0 0 0 0 0 0 0 0 0 0.963821 0.980979 0.984568 0.984036 0.982219 0.918742 0 0 0 0.599334 0.698024 0 0 0.289361 0 0 0 0 0 0 0 0 0 0 0 0 0.358767 0.580278 0.98179 0.982467 0.971116 0.924006 0.905159 0.957096 0.809274 0 0.880011 0 0 0 0 0.55821 0 0.885726 0.97676 0.983028 0.984306 0.98264 0.974653 0.850916 0 0 0.524909 0.344132 0 0.334712 0.526825 0 0 0.288025 0.757761 0 0 0 0 0 0 0 0 0.288148 0.941623 0.96916 0.964628 0.721287 0 0 0 0 0 0 0 0 0 0 0 0 0 0 0 0 0 0 0 0 0 0 0.431207 0.675077 0.601751 0.60941 0.556621 0 0 0 0 0 0 
0 0 0 0 0 0 0.704372 0.651945 0.753686 0 0.597963 0 0 0 0 0 0 0 0 0 0 0 0 0 0 0 0 0 0 0 0 0 0.993966 0.998299 0.998907 0.998964 0.998961 0.99895 0.998926 0.994264 0.974587 0.977687 0.9625 0 0 0 0 0 0 0 0 0 0 0 0 0.969117 0.971955 0.984253 0.985491 0.976352 0.930365 0.823071 0 0.966122 0.916084 0 0 0.730831 0 0 0 0 0 0 0 0 0 0 0 0 0.271787 0 0.955682 0.96657 0.964843 0.958176 0.852703 0.920293 0.556119 0 0.445105 0 0 0 0 0 0 0 0.820593 0.933648 0.980797 0.981103 0.982926 0.896082 0.365156 0 0.637749 0.349321 0 0 0 0 0 0 0 0 0 0 0 0 0 0 0 0 0 0 0.835262 0.720092 0 0 0 0 0 0 0 0 0 0 0 0 0 0 0 0 0 0 0 0 0 0 0.355491 0.610204 0.582884 0.533622 0.461614 0 0 0 0 0 0 
0 0 0 0 0 0 0.674412 0.72523 0.792082 0 0.67818 0.547641 0 0 0 0 0 0 0 0 0 0 0 0 0 0 0 0 0 0 0 0 0.802225 0.998478 0.998652 0.998961 0.998964 0.998982 0.998963 0.998882 0.994735 0.9864 0.984947 0.971752 0.868093 0.857477 0 0 0 0 0 0 0 0 0.806699 0.944861 0.9796 0.981465 0.9862 0.980881 0.96958 0.962964 0.902001 0.98106 0.980891 0.833308 0.897569 0.967731 0.86917 0 0.613225 0.649162 0 0 0 0 0 0 0 0 0.820763 0.898319 0.967717 0.969489 0.948603 0.900548 0.518034 0.757089 0 0 0 0 0 0 0 0 0 0 0.727141 0.89682 0.96557 0.971617 0.965028 0.571058 0 0 0 0 0 0 0 0 0 0 0 0 0 0 0 0 0 0 0 0 0 0 0 0.448223 0 0 0 0 0 0 0 0 0 0 0 0 0 0 0 0 0 0 0 0 0 0 0.353508 0.614106 0.540426 0.581251 0.445364 0 0 0 0 0 0 
0 0 0 0 0 0.527432 0.806226 0.839964 0.822602 0 0.813945 0.679219 0 0 0 0 0 0 0 0 0 0 0 0 0 0 0 0 0 0 0 0 0 0.969088 0.997855 0.99895 0.998982 0.998987 0.999002 0.998962 0.998963 0.994986 0.994502 0.977576 0 0 0 0 0 0 0 0 0 0 0 0 0.97061 0.972666 0.98549 0.974992 0.97571 0.972208 0.95335 0.984583 0.980196 0.929159 0.950313 0.980619 0.938999 0.396358 0.802524 0.552363 0 0 0 0 0 0 0 0 0.236128 0.248877 0.918262 0.924915 0.867861 0.607471 0 0 0 0 0 0 0 0 0 0 0 0 0.343626 0.519877 0.846744 0.924471 0.963716 0.595026 0 0 0 0 0 0 0 0 0 0 0 0 0 0 0 0 0 0 0 0 0 0 0 0 0 0 0 0 0 0 0 0 0 0 0 0 0 0 0 0 0 0 0 0 0 0 0 0.605502 0.573991 0.560521 0.500702 0 0 0 0 0 0 
0 0 0 0 0 0.396048 0.769641 0.871181 0.865391 0 0.811496 0.762262 0 0 0 0 0 0 0 0 0 0 0 0 0 0 0 0 0 0 0 0 0 0.88076 0.937019 0.998926 0.998963 0.999002 0.998985 0.998998 0.998974 0.998944 0.998885 0.997558 0.88102 0 0 0 0 0 0 0 0 0 0 0 0.962304 0.960159 0.982654 0.526438 0.89787 0.870249 0.934809 0.980363 0.98485 0.94403 0.931241 0.9807 0.964912 0.869212 0.904955 0.901415 0.34681 0 0 0 0 0 0 0 0.475966 0.488919 0.757658 0.584573 0.439828 0 0 0 0 0 0 0 0 0 0 0 0 0 0 0 0.583884 0.794302 0.499441 0.30992 0 0 0 0 0 0 0 0 0 0 0 0 0 0 0 0 0 0 0 0 0 0 0 0 0 0 0 0 0 0 0 0 0 0 0 0 0 0 0 0 0 0 0 0 0 0 0 0.623863 0.597896 0.553449 0.537645 0 0 0 0 0 0 
0 0 0 0 0 0 0.696444 0.781027 0.849443 0 0.782477 0.737 0.58839 0 0 0 0.532403 0 0 0 0 0 0 0 0 0 0 0 0 0 0 0 0 0.940413 0.973112 0.994264 0.998882 0.998962 0.998998 0.998966 0.998982 0.99897 0.998946 0.998942 0.998855 0.994385 0.966529 0 0 0 0 0 0 0 0.897032 0.91217 0.97986 0.974914 0.976755 0 0 0 0 0.976795 0.983821 0.903278 0.937897 0.98402 0.98378 0.931927 0.952695 0.967758 0.774363 0.54299 0.404637 0 0.607388 0.447255 0 0.430022 0.906903 0.638028 0.942199 0.662261 0 0 0 0 0 0 0 0 0 0 0 0 0 0 0 0.610424 0.828488 0.837466 0.474682 0.291499 0 0 0 0 0 0 0 0 0 0 0 0 0 0 0 0 0 0 0 0 0 0 0 0 0 0 0 0 0 0 0 0 0 0 0 0 0 0 0 0 0 0 0 0 0 0 0 0.631564 0.619714 0.603181 0.561785 0 0 0 0 0 0 
0 0 0 0 0 0 0.549834 0.741832 0.800595 0 0.786471 0.830679 0.778644 0.750635 0 0.801769 0.857238 0.584141 0 0.605279 0.533426 0 0 0 0 0 0 0 0 0 0 0 0 0.969199 0.917831 0.974587 0.994735 0.998963 0.998974 0.998982 0.998896 0.998943 0.998914 0.998959 0.998972 0.998533 0.997789 0.995434 0 0 0 0 0 0 0.664866 0.535557 0.972938 0.626339 0.352927 0 0 0 0 0.84893 0.845315 0 0.834884 0.980519 0.957857 0 0.942085 0.981318 0.379286 0 0 0 0.449233 0 0 0.386699 0.613551 0.339246 0.579311 0.323822 0 0 0 0 0 0 0 0 0 0 0 0 0 0 0.615821 0.679224 0.907367 0.698666 0.480392 0.335073 0 0 0 0 0 0 0 0 0 0 0 0 0 0 0 0 0 0 0 0 0 0 0 0 0 0 0 0 0 0 0 0 0 0 0 0 0 0 0 0 0 0 0 0 0 0 0 0.672143 0.659435 0.681731 0.587712 0 0 0 0 0 0 
0 0 0 0 0 0 0 0 0.723393 0 0.745714 0.797634 0.709946 0.700145 0.60842 0.814273 0.85499 0.641641 0 0.815639 0.825428 0 0 0.48545 0 0.442142 0 0 0 0 0 0.852687 0.906667 0.974185 0.977652 0.977687 0.9864 0.994986 0.998944 0.99897 0.998943 0.998856 0.998901 0.998927 0.998973 0.9989 0.998603 0.998745 0.995759 0.481974 0.403721 0.562339 0 0.417743 0.977297 0.974388 0.974119 0.960043 0 0 0 0 0 0 0 0 0 0.979366 0.44543 0 0.794447 0.970884 0 0 0 0 0.336567 0 0 0.269309 0.930168 0.306455 0.570632 0 0 0 0 0 0 0 0 0 0 0 0 0 0 0.657865 0.873187 0.962803 0.967056 0.953458 0.553242 0.33429 0 0 0 0 0 0 0 0 0 0 0 0 0 0 0 0 0 0 0 0 0 0.705801 0.575658 0.549867 0 0 0 0 0 0 0 0 0 0 0 0 0 0 0 0 0 0 0 0 0 0 0.419943 0.712218 0.703363 0.679112 0.644446 0 0 0 0 0 0 
0 0 0 0 0 0 0 0 0.417816 0 0.625707 0.698913 0 0 0 0 0.862648 0 0 0.829125 0.814079 0 0 0 0 0.409182 0 0 0 0 0.638548 0.952467 0.970302 0.97783 0.977276 0.9625 0.984947 0.994502 0.998885 0.998946 0.998914 0.998901 0.99879 0.998893 0.998951 0.998899 0.998822 0.998419 0.998634 0.996384 0.71638 0.949501 0.54668 0.960438 0.983 0.981322 0.975035 0.96932 0.728292 0 0 0 0 0.571723 0.728468 0 0.536769 0.979795 0.936142 0 0.90291 0.980676 0.371395 0 0 0 0.798402 0.634837 0.36082 0.807266 0.980364 0.945849 0.963309 0.464096 0 0 0 0 0 0 0 0 0 0 0 0 0 0.721543 0.902731 0.958854 0.96113 0.862696 0.521725 0 0 0 0 0 0 0 0 0 0 0 0 0 0 0 0 0 0 0 0 0 0 0.357155 0 0.362849 0 0 0 0 0 0 0 0 0 0 0 0 0 0 0 0 0 0 0 0 0 0 0.369242 0.706531 0.680866 0.695474 0.560803 0 0 0 0 0 0 
0 0 0 0 0 0 0 0 0 0 0.546557 0.635917 0 0 0 0 0.825216 0 0 0 0.770732 0 0 0 0 0 0 0 0 0 0 0.941087 0.934948 0.972299 0 0 0.971752 0.977576 0.997558 0.998942 0.998959 0.998927 0.998893 0.998833 0.998902 0.998925 0.998943 0.99894 0.998456 0.998763 0.958177 0.968186 0.582848 0.953448 0.979207 0.972847 0.970338 0.283772 0 0 0 0 0 0 0 0 0 0.972641 0.949067 0.613768 0.917596 0.982466 0.889643 0.696925 0.776907 0.695352 0.91636 0.857754 0.695974 0.857917 0.973264 0.886372 0.806553 0 0 0 0 0 0 0 0 0 0 0 0 0 0 0.405895 0.460603 0.534949 0.526558 0.498907 0 0 0 0 0 0 0 0 0 0 0 0 0 0 0 0 0 0 0 0 0 0 0 0 0 0 0 0 0 0 0 0 0 0 0 0 0 0 0 0 0 0 0 0 0 0 0 0 0 0.689789 0.681927 0.677554 0.553164 0 0 0 0 0 0 
0 0 0 0 0 0 0 0 0 0 0.407954 0.516877 0 0.662893 0 0.68623 0.832228 0.758292 0.525908 0.843273 0.868186 0.570677 0 0.756697 0 0.638749 0 0 0 0 0 0.897289 0.524701 0.900045 0 0 0.868093 0 0.88102 0.998855 0.998972 0.998973 0.998951 0.998902 0.998734 0.998733 0.998672 0.998914 0.99887 0.998725 0.997897 0.929833 0.384097 0.802892 0.937018 0.472348 0.771398 0 0 0 0 0 0 0 0 0 0 0 0 0 0.722085 0.935884 0 0 0.467676 0.413967 0.795588 0.540827 0 0.578674 0.876154 0 0 0 0 0 0 0 0 0 0 0 0 0 0 0 0 0 0.518427 0 0 0 0 0 0 0 0 0 0 0 0 0 0 0 0 0 0 0 0 0 0 0 0 0 0 0 0 0 0 0 0 0 0 0 0 0 0 0 0 0 0 0 0 0 0 0 0 0 0 0 0.313703 0.486206 0.414334 0.42952 0.392632 0 0 0 0 0 0 
0 0 0 0 0 0 0 0 0 0 0 0 0 0 0 0 0.849391 0.582672 0 0.894187 0.871907 0.678156 0 0.886787 0.545917 0.787088 0.549411 0.479184 0.375047 0.78028 0.956977 0.980888 0.971706 0.957213 0 0 0.857477 0 0 0.994385 0.998533 0.9989 0.998899 0.998925 0.998733 0.998842 0.998875 0.998949 0.99895 0.998954 0.998469 0.985041 0.973721 0.983648 0.981691 0.972921 0.965921 0 0 0 0 0 0 0 0 0 0 0 0 0 0 0.867301 0 0 0 0 0.744084 0.543166 0.29102 0.732732 0.970018 0.455882 0.248056 0 0 0 0 0 0 0 0 0 0 0 0 0 0.498481 0.700235 0.805629 0.763957 0.497572 0.454213 0 0 0 0 0 0 0 0 0 0 0 0 0 0 0 0 0 0 0 0 0 0 0 0 0 0 0 0 0 0 0 0 0 0 0 0 0 0 0 0 0 0 0 0 0 0 0 0 0.370424 0.607111 0.549229 0.577748 0.452871 0 0 0 0 0 0 
0 0 0 0 0 0 0 0 0 0 0 0 0 0 0 0 0.373357 0 0 0 0.8317 0 0 0 0 0.761386 0.582716 0.638078 0.617382 0.863839 0.965111 0.975021 0.959145 0.884578 0 0 0 0 0 0.966529 0.997789 0.998603 0.998822 0.998943 0.998672 0.998875 0.998846 0.998907 0.998942 0.998968 0.998939 0.997842 0.982435 0.983837 0.984072 0.960302 0.896671 0 0 0 0 0 0 0 0 0 0 0.57243 0.447086 0 0.556671 0.963757 0 0 0 0.530524 0.871907 0.846889 0.805444 0.867191 0.95176 0.713738 0.491474 0 0 0 0 0 0 0 0 0 0 0 0 0 0 0 0.399558 0 0 0 0 0 0 0 0 0 0 0 0 0 0 0 0 0 0 0 0 0 0 0 0 0 0 0 0 0 0 0 0 0 0 0 0 0 0 0 0 0 0 0 0 0 0 0 0 0 0 0 0.348959 0.528725 0.468873 0.472745 0 0 0 0 0 0 0 
0 0 0 0 0 0 0 0 0 0 0 0 0 0 0 0 0 0 0 0 0.738532 0 0 0 0 0.706947 0.589123 0.633939 0.60214 0.771034 0.566912 0.696434 0 0 0 0 0 0 0 0 0.995434 0.998745 0.998419 0.99894 0.998914 0.998949 0.998907 0.998898 0.998918 0.998914 0.998981 0.998628 0.977269 0.917087 0.930795 0 0 0 0 0 0 0 0 0 0 0 0 0 0 0 0 0.687058 0 0 0 0.502053 0.821618 0.656506 0.560777 0.691785 0.765827 0 0 0 0 0 0 0 0 0 0 0 0 0 0 0 0 0 0 0 0 0 0 0 0 0 0 0 0 0 0 0 0 0 0 0 0 0 0 0 0 0 0 0 0 0 0 0 0 0 0 0 0 0 0 0 0 0 0 0 0 0 0 0 0 0 0 0 0 0 0 0 0 0 0 0 0 0 0 0 0 
0 0 0 0 0 0 0 0 0 0 0 0 0 0 0 0 0 0 0 0 0.710975 0 0 0.582135 0 0.795156 0.633169 0.627993 0.56938 0.779807 0.759024 0.723793 0 0 0 0 0 0 0 0 0 0.995759 0.998634 0.998456 0.99887 0.99895 0.998942 0.998918 0.998888 0.998936 0.998947 0.998963 0.992587 0.91992 0.837989 0 0 0 0 0 0 0 0 0 0 0 0 0 0 0 0 0 0 0 0 0 0.676171 0 0.409905 0.476439 0.502248 0 0 0 0 0 0 0 0 0 0 0 0 0 0 0 0 0 0 0 0 0 0 0 0 0 0 0 0 0 0 0 0 0 0 0 0 0 0 0 0 0 0 0 0 0 0 0 0 0 0 0 0 0 0 0 0 0 0 0 0 0 0 0 0 0 0 0 0 0 0 0 0 0 0 0 0 0 0 0 0 
0 0 0 0 0 0 0 0 0 0 0 0 0 0 0 0 0 0 0 0.471202 0.777312 0 0.47722 0.708749 0.558148 0.886359 0.798722 0.845569 0.851112 0.962872 0.941557 0.869493 0 0 0 0 0 0 0 0 0 0.481974 0.996384 0.998763 0.998725 0.998954 0.998968 0.998914 0.998936 0.998894 0.998952 0.998877 0.998846 0.976506 0.906388 0 0 0 0 0 0 0 0 0 0 0 0 0 0 0 0 0 0 0 0 0 0.675622 0 0.483758 0.644668 0.658244 0 0 0 0 0 0 0 0 0 0 0 0 0 0 0 0 0 0 0 0 0 0 0 0 0 0 0 0 0 0 0 0 0 0 0 0 0 0 0 0 0 0 0 0 0 0 0 0 0 0 0 0 0 0 0 0 0 0 0 0 0 0 0 0 0 0 0 0 0 0.323506 0.266765 0.258198 0 0.254164 0 0 0 0 0 0 
0 0 0 0 0 0 0 0 0 0 0 0 0 0 0 0 0 0 0 0 0.556333 0 0 0.651142 0 0.8145 0.772147 0.834844 0.856822 0.951871 0.94921 0.817983 0 0 0 0 0 0 0 0 0 0.403721 0.71638 0.958177 0.997897 0.998469 0.998939 0.998981 0.998947 0.998952 0.998939 0.998912 0.99892 0.998888 0.918612 0 0 0 0 0 0 0 0 0 0 0 0 0 0 0 0 0 0 0 0 0 0.649877 0.480527 0 0.664705 0.739861 0 0 0 0 0 0 0 0 0 0 0 0 0 0 0 0 0.469039 0.270788 0 0 0 0 0 0 0 0 0 0 0 0 0 0 0 0 0 0 0 0 0 0 0 0 0 0 0 0 0 0 0 0 0 0 0 0 0 0 0 0 0 0 0 0 0 0 0 0 0 0 0 0 0 0 0 0 0 0 0 0 0 0 
0 0 0 0 0 0 0 0 0 0 0 0 0 0 0 0 0 0 0 0 0.54616 0 0 0.56123 0 0.803106 0.755316 0.817051 0.886064 0.97557 0.980993 0.983057 0.94286 0.530301 0 0 0 0 0 0 0 0.562339 0.949501 0.968186 0.929833 0.985041 0.997842 0.998628 0.998963 0.998877 0.998912 0.998923 0.998977 0.998812 0.998202 0.830626 0 0 0 0 0 0 0 0 0 0 0 0 0 0 0 0 0 0 0 0 0.68147 0.641178 0.694716 0.840785 0.885107 0.433868 0 0 0 0 0 0 0 0 0 0 0 0 0 0.655589 0.711249 0.834106 0.647317 0.4885 0.304505 0 0 0 0 0 0 0 0 0 0 0 0 0 0 0 0 0 0 0 0 0 0 0 0 0 0 0 0 0 0 0 0 0 0 0 0 0 0 0 0 0 0 0 0 0 0 0 0 0 0 0.41333 0.440287 0.478664 0.445076 0 0 0 0 0 0 
0 0 0 0 0 0 0 0 0 0 0 0 0 0 0 0 0 0 0 0 0 0 0 0 0 0.727498 0.684861 0.812106 0.856676 0.972556 0.971369 0.937449 0.833316 0 0 0 0 0 0 0 0 0 0.54668 0.582848 0.384097 0.973721 0.982435 0.977269 0.992587 0.998846 0.99892 0.998977 0.998953 0.99893 0.998836 0.998586 0 0 0 0 0 0 0 0 0 0 0 0 0 0 0 0 0 0 0 0 0.516523 0.617763 0.705797 0.808854 0.880679 0.588937 0 0 0 0 0 0 0 0 0 0 0 0 0 0.653824 0.664909 0.840648 0.448208 0 0 0 0 0 0 0 0 0 0 0 0 0 0 0 0 0 0 0 0 0 0 0 0 0 0 0 0 0 0 0 0 0 0 0 0 0 0 0 0 0 0 0 0 0 0 0 0 0 0 0 0 0 0 0 0.342409 0.285066 0 0 0 0 0 
0 0 0 0 0 0 0 0 0 0 0 0 0 0 0 0 0 0 0 0 0 0 0 0 0 0.677501 0 0.563577 0.703919 0.938646 0.98524 0.98258 0.979553 0.929771 0 0 0 0 0 0 0 0.417743 0.960438 0.953448 0.802892 0.983648 0.983837 0.917087 0.91992 0.976506 0.998888 0.998812 0.99893 0.998813 0.998865 0.998001 0.991801 0 0 0 0 0 0 0 0 0 0 0 0 0 0 0 0 0 0 0 0.662524 0.702641 0.675913 0.796388 0.980328 0.897222 0.85302 0 0 0 0 0 0 0 0 0 0.260978 0.288602 0 0.906182 0.903833 0.979958 0.794027 0.448866 0.38998 0 0 0 0 0 0 0 0 0 0 0 0 0 0 0 0 0 0 0 0 0 0 0 0 0 0 0 0 0 0 0 0 0 0 0 0 0 0 0 0 0 0 0 0 0 0 0 0 0 0 0.44611 0.472123 0.500333 0.496833 0 0 0 0 0 0 
0 0 0 0 0 0 0 0 0 0 0 0 0 0 0 0 0 0 0 0 0 0 0 0 0 0.617171 0 0.518916 0.621041 0.911949 0.984273 0.986978 0.984419 0.977817 0.963821 0 0.806699 0 0 0.897032 0.664866 0.977297 0.983 0.979207 0.937018 0.981691 0.984072 0.930795 0.837989 0.906388 0.918612 0.998202 0.998836 0.998865 0.998701 0.998812 0.997755 0.991214 0 0 0 0 0 0 0 0 0 0 0 0 0 0.764802 0 0 0 0 0.713916 0.751466 0.722609 0.876095 0.986644 0.978378 0.965404 0.894123 0 0 0 0 0 0 0 0 0.40897 0.379048 0.424565 0.957118 0.920485 0.983195 0.984247 0.878663 0.538284 0.474443 0 0 0 0 0 0 0 0 0 0 0 0 0 0 0 0 0 0 0 0 0 0 0 0 0 0 0 0 0 0 0 0 0 0 0 0 0 0 0 0 0 0 0 0 0 0 0 0 0 0.526723 0.535583 0.565781 0.551904 0 0 0 0 0 0 
0 0 0 0 0 0 0 0 0 0 0 0 0 0 0 0 0 0 0 0 0 0 0 0 0 0 0 0 0 0.781192 0.970763 0.980706 0.98665 0.98303 0.980979 0.969117 0.944861 0 0 0.91217 0.535557 0.974388 0.981322 0.972847 0.472348 0.972921 0.960302 0 0 0 0 0.830626 0.998586 0.998001 0.998812 0.998687 0.998821 0.998161 0.990244 0 0 0 0 0 0.477799 0 0 0.852908 0.594583 0 0 0.567456 0 0 0 0 0 0.640995 0.653944 0.858499 0.984454 0.983759 0.982235 0.979335 0.929719 0.461564 0 0.672637 0 0 0.772526 0.403136 0.722976 0.523548 0.623281 0.971835 0.876851 0.981277 0.981923 0.979608 0.804557 0.529163 0.388152 0 0 0 0 0 0 0 0 0 0 0 0 0 0 0 0 0 0 0 0 0 0 0 0 0 0 0 0 0 0 0 0 0 0 0 0 0 0 0 0 0 0 0 0 0 0 0 0.439745 0.638102 0.617048 0.634192 0.623587 0.376388 0 0 0 0 0 
0 0 0 0 0 0 0 0 0 0 0 0 0 0 0 0 0 0 0 0 0 0 0 0 0 0 0 0 0 0 0.936928 0.967593 0.981849 0.984696 0.984568 0.971955 0.9796 0.97061 0.962304 0.97986 0.972938 0.974119 0.975035 0.970338 0.771398 0.965921 0.896671 0 0 0 0 0 0 0.991801 0.997755 0.998821 0.998878 0.998831 0.998087 0.994285 0 0 0 0.831697 0.861404 0 0.472415 0.965426 0.933372 0 0 0.759733 0 0 0 0 0 0.461075 0 0.789653 0.976288 0.981436 0.985881 0.981524 0.97065 0.941896 0.706943 0.926618 0 0 0.702147 0.291998 0.478559 0 0 0.476899 0 0.550139 0.941802 0.977904 0.980409 0.949058 0.439962 0 0 0 0 0 0 0 0 0 0 0 0 0 0 0 0 0 0 0 0 0 0 0 0 0 0 0 0 0 0 0 0 0 0 0 0 0 0 0 0 0 0 0 0 0 0 0 0.381979 0.573524 0.561254 0.556777 0.546475 0.283898 0 0 0 0 0 
0 0 0 0 0 0 0 0 0 0 0 0 0 0 0 0 0 0 0 0 0 0 0 0 0 0 0 0 0 0 0 0.936064 0.976293 0.980613 0.984036 0.984253 0.981465 0.972666 0.960159 0.974914 0.626339 0.960043 0.96932 0.283772 0 0 0 0 0 0 0 0 0 0 0.991214 0.998161 0.998831 0.998763 0.99882 0.998566 0.998437 0.911928 0 0.979729 0.987184 0.644821 0 0.932478 0.822022 0 0 0 0 0 0 0 0 0 0 0 0.95875 0.968008 0.983419 0.984436 0.978702 0.956928 0.912269 0.938974 0.774298 0.62595 0.840259 0.419823 0.48116 0 0 0.31066 0 0.28015 0.823509 0.956385 0.974119 0.968812 0.678255 0.447035 0 0 0 0 0 0 0 0 0 0 0 0 0 0 0 0 0 0 0 0 0 0 0 0 0 0 0 0 0 0 0 0 0 0 0 0 0 0 0 0 0 0 0 0 0 0.314676 0.436782 0.651784 0.601937 0.64158 0.542731 0 0 0 0 0 0 
0 0 0 0 0 0 0.63657 0.478913 0 0 0 0 0 0 0 0 0 0 0 0 0 0 0 0 0 0 0 0 0 0 0 0 0.915334 0.968399 0.982219 0.985491 0.9862 0.98549 0.982654 0.976755 0.352927 0 0.728292 0 0 0 0 0 0 0 0 0 0 0 0 0.990244 0.998087 0.99882 0.998819 0.998835 0.998893 0.998732 0.990168 0.995177 0.992649 0.957762 0.875733 0.966912 0.670668 0 0 0 0 0 0 0 0 0 0 0 0 0.922048 0.976594 0.982127 0.976589 0.976944 0.909674 0.914876 0.834111 0.615468 0.739079 0 0 0 0 0 0 0 0 0.568365 0.824033 0.946311 0.926869 0.555904 0 0 0 0 0 0 0 0 0 0 0 0 0 0 0 0 0 0 0 0 0 0 0 0 0 0 0 0 0 0 0 0 0 0 0 0 0 0 0 0 0 0 0 0 0 0 0.403077 0.586389 0.518147 0.507889 0.4766 0 0 0 0 0 0 
0 0 0 0 0 0 0.529433 0 0 0 0 0 0 0 0 0 0 0 0 0 0 0 0 0 0 0 0 0 0 0 0 0 0 0 0.918742 0.976352 0.980881 0.974992 0.526438 0 0 0 0 0 0 0 0 0 0 0 0 0 0 0 0 0 0.994285 0.998566 0.998835 0.998875 0.998974 0.998966 0.998684 0.998468 0.998563 0.91439 0 0 0 0 0 0 0 0 0 0 0 0 0 0 0 0 0.910414 0.923009 0.932721 0.927639 0.864126 0.841993 0.530952 0.413583 0.398144 0 0 0 0 0 0 0 0 0 0 0.526187 0.597045 0.385043 0 0 0 0 0 0 0 0 0 0 0 0 0 0 0 0 0 0 0 0 0 0 0 0 0 0 0 0 0 0 0 0 0 0 0 0 0 0 0 0 0 0 0 0 0 0 0 0.491247 0.45229 0.388274 0 0 0 0 0 0 0 
0 0 0 0 0 0.527122 0.745909 0.642235 0 0 0 0 0 0 0 0 0 0 0 0 0 0 0 0 0 0 0 0 0 0 0 0 0 0 0 0.930365 0.96958 0.97571 0.89787 0 0 0 0 0 0 0 0 0 0 0 0 0 0 0 0 0 0 0.998437 0.998893 0.998974 0.998979 0.998996 0.998966 0.998939 0.998919 0.998728 0.992372 0.964877 0 0 0 0 0 0 0 0 0 0 0 0 0 0 0.794203 0.843903 0.842733 0.83783 0.84879 0.531236 0 0 0 0 0 0 0 0 0 0 0 0 0 0.349907 0 0 0 0 0 0 0 0 0 0 0 0 0 0 0 0 0 0 0 0 0 0 0 0 0 0 0 0 0 0 0 0 0 0 0 0 0 0 0 0 0 0 0 0 0 0 0 0 0 0 0 0 0 0 0 0 0 0 0 
0 0 0 0 0 0.523011 0.681934 0 0 0 0 0 0 0 0 0 0 0 0 0 0 0 0 0 0 0 0 0 0 0 0 0 0 0 0 0.823071 0.962964 0.972208 0.870249 0 0 0 0 0 0 0 0 0 0 0 0 0 0 0 0 0 0 0.911928 0.998732 0.998966 0.998996 0.998967 0.998913 0.998891 0.998894 0.998902 0.998799 0.99864 0.971649 0 0 0 0 0 0 0 0 0 0 0 0 0 0.799726 0.863722 0.866011 0.845585 0.726363 0 0 0 0 0 0 0 0 0 0 0 0 0 0 0 0 0 0 0 0 0 0 0 0 0 0 0 0 0 0 0 0 0 0 0 0 0 0 0 0 0 0 0 0 0 0 0 0 0 0 0 0 0 0 0 0 0 0 0 0 0 0 0 0 0 0 0 0 0 0 0 0 0 0 
0 0 0 0 0 0.587363 0.766109 0.495547 0 0 0 0 0 0 0 0 0 0 0 0 0 0 0 0 0 0 0 0 0 0 0 0 0 0 0 0 0.902001 0.95335 0.934809 0 0 0 0 0 0 0 0 0 0 0 0 0 0 0 0 0 0 0 0.990168 0.998684 0.998966 0.998913 0.998684 0.998709 0.998656 0.9981 0.998781 0.998027 0.99761 0.838457 0 0 0 0 0 0 0 0 0 0 0 0 0.407252 0.665618 0.652787 0 0 0 0 0 0 0 0 0 0 0 0 0 0 0 0 0 0 0 0 0 0 0 0 0 0 0 0 0 0 0 0 0 0 0 0 0 0 0 0 0 0 0 0 0 0 0 0 0 0 0 0 0 0 0 0 0 0 0 0 0 0 0 0 0 0 0 0 0 0 0 0 0 0 0 0 
0 0 0 0 0 0.584442 0.851242 0.791865 0.663661 0.452087 0.54606 0 0 0 0 0 0 0 0 0 0 0 0 0 0 0 0 0 0 0 0 0 0 0 0.599334 0.966122 0.98106 0.984583 0.980363 0.976795 0.84893 0 0.571723 0 0 0 0 0 0 0 0 0 0 0 0 0 0.831697 0.979729 0.995177 0.998468 0.998939 0.998891 0.998709 0.998726 0.998701 0.998848 0.998915 0.998762 0.996284 0.998685 0.994171 0.448399 0 0 0 0 0 0 0 0 0 0 0.972262 0.958344 0.898982 0.77734 0 0 0 0 0 0 0 0 0 0 0 0 0 0 0 0.533371 0 0 0 0 0 0 0 0 0 0 0 0 0 0 0 0 0 0 0 0 0 0 0 0 0 0 0 0 0 0 0 0 0 0 0 0 0 0 0 0 0 0 0 0 0 0 0 0 0 0.405724 0.438861 0.547256 0.494015 0 0 0 0 0 0 
0 0 0 0 0 0.532991 0.749091 0.742687 0 0 0 0 0 0 0 0 0 0 0 0 0 0 0 0 0 0 0 0 0 0 0 0 0 0.541327 0.698024 0.916084 0.980891 0.980196 0.98485 0.983821 0.845315 0 0.728468 0 0 0 0 0 0 0 0 0 0 0 0 0.477799 0.861404 0.987184 0.992649 0.998563 0.998919 0.998894 0.998656 0.998701 0.998584 0.99883 0.998943 0.998896 0.998782 0.998484 0.998841 0.990004 0 0 0 0 0 0.314149 0 0 0.815151 0.946467 0.959462 0.967993 0.928948 0.748214 0 0 0 0 0 0 0 0 0 0 0 0 0 0 0 0 0 0 0 0 0 0 0 0 0 0 0 0 0 0 0 0 0 0 0 0 0 0 0 0 0 0 0 0 0 0 0 0 0 0 0 0 0 0 0 0 0 0 0 0 0 0 0 0 0 0.501142 0.510542 0.551998 0.458336 0 0 0 0 0 0 
0 0 0 0 0 0.628232 0.612863 0 0 0 0 0 0 0 0 0 0 0 0 0 0 0 0 0 0 0 0 0 0 0 0 0 0 0 0 0 0.833308 0.929159 0.94403 0.903278 0 0 0 0 0 0 0 0 0 0 0 0 0 0 0 0 0 0.644821 0.957762 0.91439 0.998728 0.998902 0.9981 0.998848 0.99883 0.998496 0.998771 0.998814 0.998877 0.998048 0.998158 0.998618 0.987457 0 0 0 0 0 0 0 0 0 0.779206 0.738777 0.541181 0 0 0 0 0 0 0 0 0 0 0 0 0 0 0 0 0 0 0 0 0 0 0 0 0 0 0 0 0 0 0 0 0 0 0 0 0 0 0 0 0 0 0 0 0 0 0 0 0 0 0 0 0 0 0 0 0 0 0 0 0 0 0 0 0 0 0 0 0 0 0 0 0 0 0 0 
0 0 0 0 0 0.470742 0.745243 0.607973 0.480049 0 0 0 0 0 0 0 0 0 0 0 0 0 0 0 0 0 0 0 0 0 0 0 0 0 0 0 0.897569 0.950313 0.931241 0.937897 0.834884 0 0.536769 0 0 0 0 0 0 0 0 0 0 0 0 0 0.472415 0 0.875733 0 0.992372 0.998799 0.998781 0.998915 0.998943 0.998771 0.998852 0.99878 0.998719 0.998878 0.998902 0.998502 0.998236 0.976507 0 0 0 0 0 0 0 0.314742 0.819521 0.377603 0.401107 0 0 0 0 0 0 0 0 0 0 0 0 0 0 0 0 0 0 0 0 0 0 0 0 0 0 0 0 0 0 0 0 0 0 0 0 0 0 0 0 0 0 0 0 0 0 0 0 0 0 0 0 0 0 0 0 0 0 0 0 0 0 0 0 0 0 0 0 0.250867 0 0 0 0 0 0 0 
0 0 0 0 0 0 0.565555 0.58408 0.552494 0 0.442593 0 0 0 0 0 0 0 0 0 0 0 0 0 0 0 0 0 0 0 0 0 0 0.606973 0.289361 0.730831 0.967731 0.980619 0.9807 0.98402 0.980519 0.979366 0.979795 0.972641 0 0 0.57243 0 0 0 0 0 0 0 0 0.852908 0.965426 0.932478 0.966912 0 0.964877 0.99864 0.998027 0.998762 0.998896 0.998814 0.99878 0.998801 0.998732 0.998904 0.998954 0.998845 0.998396 0.998709 0.986756 0 0.759138 0.649995 0 0.484436 0.96406 0.954825 0.970372 0.928435 0.682222 0 0 0 0 0 0 0 0 0 0 0 0 0 0 0 0 0 0 0 0 0 0 0 0 0 0 0 0 0 0 0 0 0 0 0 0 0 0 0 0 0 0 0 0 0 0 0 0 0 0 0 0 0 0 0 0 0 0 0 0 0 0 0 0 0 0 0.412869 0.458438 0.518797 0.451825 0.232473 0 0 0 0 0 
0 0 0 0 0 0 0 0 0 0 0 0 0 0 0 0 0 0 0 0 0 0 0 0 0 0 0 0 0 0 0 0 0 0 0 0 0.86917 0.938999 0.964912 0.98378 0.957857 0.44543 0.936142 0.949067 0 0 0.447086 0 0 0 0 0 0 0 0 0.594583 0.933372 0.822022 0.670668 0 0 0.971649 0.99761 0.996284 0.998782 0.998877 0.998719 0.998732 0.998851 0.998834 0.998884 0.998855 0.998933 0.998122 0.998524 0.942642 0.783727 0.853832 0.584962 0.726498 0.936446 0.928543 0.916439 0.828833 0.489011 0 0 0 0 0 0 0 0 0 0 0 0 0 0 0 0 0 0 0 0 0 0 0 0 0 0 0 0 0 0 0 0 0 0 0 0 0 0 0 0 0 0 0 0 0 0 0 0 0 0 0 0 0 0 0 0 0 0 0 0 0 0 0 0 0 0 0.423642 0.378318 0 0 0 0 0 0 0 0 
0 0 0 0 0 0 0 0 0 0 0 0 0 0 0 0 0 0 0 0 0 0 0 0 0 0 0 0 0 0 0 0 0 0 0 0 0 0.396358 0.869212 0.931927 0 0 0 0.613768 0 0 0 0 0 0 0 0 0 0 0 0 0 0 0 0 0 0 0.838457 0.998685 0.998484 0.998048 0.998878 0.998904 0.998834 0.998632 0.998702 0.998794 0.99885 0.997704 0.994851 0.989245 0.78459 0.711828 0.359573 0 0.438261 0.336237 0.569406 0 0 0 0 0 0 0 0 0 0 0 0 0 0 0 0 0 0 0 0 0 0 0 0 0 0 0 0 0 0 0 0 0 0 0 0 0 0 0 0 0 0 0 0 0 0 0 0 0 0 0 0 0 0 0 0 0 0 0 0 0 0 0 0 0 0 0 0 0 0 0 0 0 0 0 0 0 0 
